# E (eV)   ldos(E)   pdos(E)    pdos(E)    pdos(E)   
-22.785 -0.152E-04 -0.114E-07 -0.925E-05 -0.590E-05
-22.765 -0.224E-04 -0.169E-07 -0.137E-04 -0.875E-05
-22.745 -0.327E-04 -0.247E-07 -0.199E-04 -0.128E-04
-22.725 -0.472E-04 -0.358E-07 -0.286E-04 -0.185E-04
-22.705 -0.671E-04 -0.511E-07 -0.407E-04 -0.264E-04
-22.685 -0.942E-04 -0.722E-07 -0.570E-04 -0.371E-04
-22.665 -0.131E-03 -0.101E-06 -0.789E-04 -0.516E-04
-22.645 -0.179E-03 -0.139E-06 -0.108E-03 -0.707E-04
-22.625 -0.241E-03 -0.188E-06 -0.145E-03 -0.956E-04
-22.605 -0.320E-03 -0.253E-06 -0.192E-03 -0.127E-03
-22.585 -0.419E-03 -0.335E-06 -0.252E-03 -0.167E-03
-22.565 -0.541E-03 -0.438E-06 -0.324E-03 -0.217E-03
-22.545 -0.688E-03 -0.566E-06 -0.411E-03 -0.276E-03
-22.525 -0.860E-03 -0.721E-06 -0.513E-03 -0.347E-03
-22.505 -0.106E-02 -0.908E-06 -0.629E-03 -0.427E-03
-22.485 -0.128E-02 -0.113E-05 -0.757E-03 -0.518E-03
-22.465 -0.151E-02 -0.138E-05 -0.894E-03 -0.615E-03
-22.445 -0.175E-02 -0.167E-05 -0.103E-02 -0.715E-03
-22.425 -0.198E-02 -0.200E-05 -0.116E-02 -0.813E-03
-22.405 -0.218E-02 -0.236E-05 -0.128E-02 -0.899E-03
-22.385 -0.232E-02 -0.276E-05 -0.136E-02 -0.964E-03
-22.365 -0.238E-02 -0.318E-05 -0.138E-02 -0.994E-03
-22.345 -0.231E-02 -0.363E-05 -0.133E-02 -0.974E-03
-22.325 -0.207E-02 -0.410E-05 -0.118E-02 -0.886E-03
-22.305 -0.162E-02 -0.458E-05 -0.908E-03 -0.711E-03
-22.285 -0.919E-03 -0.508E-05 -0.483E-03 -0.431E-03
-22.265  0.853E-04 -0.558E-05  0.117E-03 -0.258E-04
-22.245  0.143E-02 -0.609E-05  0.913E-03  0.520E-03
-22.225  0.313E-02 -0.658E-05  0.192E-02  0.122E-02
-22.205  0.522E-02 -0.707E-05  0.315E-02  0.208E-02
-22.185  0.769E-02 -0.751E-05  0.459E-02  0.311E-02
-22.165  0.105E-01 -0.787E-05  0.624E-02  0.429E-02
-22.145  0.137E-01 -0.811E-05  0.808E-02  0.561E-02
-22.125  0.171E-01 -0.814E-05  0.101E-01  0.705E-02
-22.105  0.207E-01 -0.784E-05  0.121E-01  0.857E-02
-22.085  0.244E-01 -0.706E-05  0.143E-01  0.101E-01
-22.065  0.281E-01 -0.559E-05  0.164E-01  0.117E-01
-22.045  0.316E-01 -0.317E-05  0.184E-01  0.132E-01
-22.025  0.349E-01  0.487E-06  0.204E-01  0.145E-01
-22.005  0.378E-01  0.574E-05  0.221E-01  0.158E-01
-21.985  0.403E-01  0.130E-04  0.235E-01  0.168E-01
-21.965  0.422E-01  0.226E-04  0.247E-01  0.175E-01
-21.945  0.436E-01  0.350E-04  0.255E-01  0.180E-01
-21.925  0.443E-01  0.506E-04  0.261E-01  0.182E-01
-21.905  0.445E-01  0.696E-04  0.263E-01  0.182E-01
-21.885  0.441E-01  0.924E-04  0.262E-01  0.178E-01
-21.865  0.432E-01  0.119E-03  0.259E-01  0.173E-01
-21.845  0.420E-01  0.150E-03  0.253E-01  0.165E-01
-21.825  0.404E-01  0.184E-03  0.246E-01  0.156E-01
-21.805  0.386E-01  0.221E-03  0.238E-01  0.146E-01
-21.785  0.368E-01  0.261E-03  0.229E-01  0.136E-01
-21.765  0.350E-01  0.304E-03  0.220E-01  0.127E-01
-21.745  0.333E-01  0.348E-03  0.211E-01  0.118E-01
-21.725  0.318E-01  0.392E-03  0.203E-01  0.111E-01
-21.705  0.305E-01  0.436E-03  0.195E-01  0.105E-01
-21.685  0.294E-01  0.478E-03  0.188E-01  0.101E-01
-21.665  0.286E-01  0.518E-03  0.182E-01  0.991E-02
-21.645  0.281E-01  0.554E-03  0.176E-01  0.991E-02
-21.625  0.278E-01  0.586E-03  0.171E-01  0.101E-01
-21.605  0.277E-01  0.614E-03  0.166E-01  0.104E-01
-21.585  0.277E-01  0.637E-03  0.161E-01  0.109E-01
-21.565  0.278E-01  0.654E-03  0.157E-01  0.114E-01
-21.545  0.279E-01  0.666E-03  0.152E-01  0.120E-01
-21.525  0.280E-01  0.673E-03  0.147E-01  0.126E-01
-21.505  0.281E-01  0.675E-03  0.142E-01  0.132E-01
-21.485  0.282E-01  0.673E-03  0.138E-01  0.137E-01
-21.465  0.281E-01  0.668E-03  0.133E-01  0.141E-01
-21.445  0.280E-01  0.660E-03  0.129E-01  0.144E-01
-21.425  0.278E-01  0.650E-03  0.126E-01  0.146E-01
-21.405  0.276E-01  0.639E-03  0.123E-01  0.147E-01
-21.385  0.274E-01  0.627E-03  0.121E-01  0.146E-01
-21.365  0.271E-01  0.616E-03  0.120E-01  0.144E-01
-21.345  0.268E-01  0.606E-03  0.120E-01  0.142E-01
-21.325  0.265E-01  0.598E-03  0.121E-01  0.138E-01
-21.305  0.263E-01  0.591E-03  0.123E-01  0.135E-01
-21.285  0.262E-01  0.586E-03  0.125E-01  0.131E-01
-21.265  0.261E-01  0.584E-03  0.128E-01  0.127E-01
-21.245  0.260E-01  0.584E-03  0.131E-01  0.124E-01
-21.225  0.261E-01  0.586E-03  0.134E-01  0.121E-01
-21.205  0.262E-01  0.590E-03  0.137E-01  0.119E-01
-21.185  0.263E-01  0.596E-03  0.139E-01  0.118E-01
-21.165  0.265E-01  0.603E-03  0.141E-01  0.118E-01
-21.145  0.267E-01  0.612E-03  0.143E-01  0.118E-01
-21.125  0.269E-01  0.621E-03  0.143E-01  0.120E-01
-21.105  0.272E-01  0.631E-03  0.143E-01  0.122E-01
-21.085  0.274E-01  0.641E-03  0.142E-01  0.125E-01
-21.065  0.277E-01  0.651E-03  0.141E-01  0.129E-01
-21.045  0.279E-01  0.662E-03  0.138E-01  0.134E-01
-21.025  0.281E-01  0.673E-03  0.136E-01  0.139E-01
-21.005  0.283E-01  0.684E-03  0.132E-01  0.144E-01
-20.985  0.286E-01  0.696E-03  0.129E-01  0.150E-01
-20.965  0.288E-01  0.707E-03  0.125E-01  0.156E-01
-20.945  0.290E-01  0.719E-03  0.120E-01  0.162E-01
-20.925  0.292E-01  0.731E-03  0.116E-01  0.168E-01
-20.905  0.294E-01  0.744E-03  0.112E-01  0.174E-01
-20.885  0.295E-01  0.756E-03  0.108E-01  0.180E-01
-20.865  0.297E-01  0.769E-03  0.104E-01  0.185E-01
-20.845  0.299E-01  0.781E-03  0.101E-01  0.191E-01
-20.825  0.301E-01  0.793E-03  0.971E-02  0.196E-01
-20.805  0.302E-01  0.803E-03  0.940E-02  0.200E-01
-20.785  0.303E-01  0.811E-03  0.911E-02  0.204E-01
-20.765  0.304E-01  0.818E-03  0.885E-02  0.207E-01
-20.745  0.303E-01  0.822E-03  0.863E-02  0.209E-01
-20.725  0.303E-01  0.823E-03  0.844E-02  0.210E-01
-20.705  0.301E-01  0.821E-03  0.829E-02  0.210E-01
-20.685  0.299E-01  0.815E-03  0.818E-02  0.209E-01
-20.665  0.297E-01  0.806E-03  0.810E-02  0.208E-01
-20.645  0.293E-01  0.794E-03  0.805E-02  0.205E-01
-20.625  0.290E-01  0.779E-03  0.805E-02  0.201E-01
-20.605  0.285E-01  0.762E-03  0.807E-02  0.197E-01
-20.585  0.281E-01  0.744E-03  0.812E-02  0.193E-01
-20.565  0.278E-01  0.727E-03  0.819E-02  0.189E-01
-20.545  0.275E-01  0.711E-03  0.828E-02  0.185E-01
-20.525  0.273E-01  0.699E-03  0.838E-02  0.182E-01
-20.505  0.273E-01  0.692E-03  0.848E-02  0.182E-01
-20.485  0.276E-01  0.693E-03  0.857E-02  0.183E-01
-20.465  0.281E-01  0.703E-03  0.866E-02  0.188E-01
-20.445  0.290E-01  0.726E-03  0.873E-02  0.196E-01
-20.425  0.303E-01  0.762E-03  0.878E-02  0.208E-01
-20.405  0.321E-01  0.814E-03  0.881E-02  0.225E-01
-20.385  0.344E-01  0.883E-03  0.881E-02  0.247E-01
-20.365  0.372E-01  0.971E-03  0.879E-02  0.275E-01
-20.345  0.406E-01  0.108E-02  0.874E-02  0.308E-01
-20.325  0.446E-01  0.120E-02  0.867E-02  0.347E-01
-20.305  0.490E-01  0.134E-02  0.859E-02  0.391E-01
-20.285  0.539E-01  0.150E-02  0.850E-02  0.439E-01
-20.265  0.592E-01  0.167E-02  0.840E-02  0.491E-01
-20.245  0.647E-01  0.185E-02  0.831E-02  0.546E-01
-20.225  0.704E-01  0.203E-02  0.822E-02  0.602E-01
-20.205  0.760E-01  0.222E-02  0.815E-02  0.657E-01
-20.185  0.815E-01  0.240E-02  0.810E-02  0.710E-01
-20.165  0.865E-01  0.256E-02  0.807E-02  0.759E-01
-20.145  0.909E-01  0.271E-02  0.807E-02  0.802E-01
-20.125  0.947E-01  0.284E-02  0.809E-02  0.837E-01
-20.105  0.975E-01  0.294E-02  0.814E-02  0.864E-01
-20.085  0.993E-01  0.301E-02  0.821E-02  0.881E-01
-20.065  0.100E+00  0.304E-02  0.830E-02  0.887E-01
-20.045  0.997E-01  0.304E-02  0.840E-02  0.883E-01
-20.025  0.982E-01  0.301E-02  0.851E-02  0.867E-01
-20.005  0.956E-01  0.294E-02  0.861E-02  0.841E-01
-19.985  0.921E-01  0.284E-02  0.871E-02  0.805E-01
-19.965  0.877E-01  0.271E-02  0.879E-02  0.762E-01
-19.945  0.826E-01  0.256E-02  0.885E-02  0.712E-01
-19.925  0.770E-01  0.239E-02  0.889E-02  0.657E-01
-19.905  0.711E-01  0.222E-02  0.889E-02  0.600E-01
-19.885  0.652E-01  0.204E-02  0.887E-02  0.543E-01
-19.865  0.593E-01  0.186E-02  0.881E-02  0.486E-01
-19.845  0.537E-01  0.169E-02  0.873E-02  0.432E-01
-19.825  0.484E-01  0.154E-02  0.863E-02  0.383E-01
-19.805  0.437E-01  0.140E-02  0.850E-02  0.338E-01
-19.785  0.396E-01  0.127E-02  0.835E-02  0.299E-01
-19.765  0.360E-01  0.117E-02  0.819E-02  0.267E-01
-19.745  0.331E-01  0.108E-02  0.801E-02  0.240E-01
-19.725  0.308E-01  0.101E-02  0.783E-02  0.219E-01
-19.705  0.289E-01  0.958E-03  0.763E-02  0.203E-01
-19.685  0.275E-01  0.917E-03  0.742E-02  0.192E-01
-19.665  0.264E-01  0.884E-03  0.719E-02  0.183E-01
-19.645  0.255E-01  0.856E-03  0.693E-02  0.177E-01
-19.625  0.247E-01  0.831E-03  0.665E-02  0.172E-01
-19.605  0.239E-01  0.804E-03  0.634E-02  0.167E-01
-19.585  0.230E-01  0.773E-03  0.599E-02  0.163E-01
-19.565  0.220E-01  0.737E-03  0.560E-02  0.157E-01
-19.545  0.208E-01  0.695E-03  0.518E-02  0.150E-01
-19.525  0.195E-01  0.645E-03  0.472E-02  0.141E-01
-19.505  0.179E-01  0.589E-03  0.424E-02  0.131E-01
-19.485  0.162E-01  0.528E-03  0.374E-02  0.119E-01
-19.465  0.144E-01  0.464E-03  0.326E-02  0.107E-01
-19.445  0.125E-01  0.400E-03  0.279E-02  0.934E-02
-19.425  0.108E-01  0.339E-03  0.238E-02  0.804E-02
-19.405  0.915E-02  0.285E-03  0.205E-02  0.682E-02
-19.385  0.781E-02  0.242E-03  0.183E-02  0.574E-02
-19.365  0.683E-02  0.212E-03  0.174E-02  0.488E-02
-19.345  0.630E-02  0.201E-03  0.181E-02  0.429E-02
-19.325  0.632E-02  0.209E-03  0.207E-02  0.404E-02
-19.305  0.693E-02  0.240E-03  0.252E-02  0.417E-02
-19.285  0.819E-02  0.296E-03  0.319E-02  0.471E-02
-19.265  0.101E-01  0.376E-03  0.407E-02  0.567E-02
-19.245  0.127E-01  0.481E-03  0.517E-02  0.705E-02
-19.225  0.159E-01  0.610E-03  0.645E-02  0.884E-02
-19.205  0.197E-01  0.760E-03  0.791E-02  0.110E-01
-19.185  0.240E-01  0.929E-03  0.951E-02  0.135E-01
-19.165  0.286E-01  0.111E-02  0.112E-01  0.163E-01
-19.145  0.336E-01  0.131E-02  0.130E-01  0.193E-01
-19.125  0.387E-01  0.151E-02  0.148E-01  0.225E-01
-19.105  0.439E-01  0.171E-02  0.165E-01  0.257E-01
-19.085  0.490E-01  0.191E-02  0.182E-01  0.289E-01
-19.065  0.540E-01  0.211E-02  0.198E-01  0.321E-01
-19.045  0.586E-01  0.230E-02  0.212E-01  0.351E-01
-19.025  0.629E-01  0.247E-02  0.225E-01  0.380E-01
-19.005  0.668E-01  0.263E-02  0.235E-01  0.407E-01
-18.985  0.702E-01  0.277E-02  0.244E-01  0.431E-01
-18.965  0.731E-01  0.289E-02  0.250E-01  0.452E-01
-18.945  0.756E-01  0.299E-02  0.255E-01  0.471E-01
-18.925  0.776E-01  0.308E-02  0.258E-01  0.487E-01
-18.905  0.791E-01  0.315E-02  0.259E-01  0.501E-01
-18.885  0.803E-01  0.321E-02  0.259E-01  0.512E-01
-18.865  0.811E-01  0.325E-02  0.258E-01  0.521E-01
-18.845  0.815E-01  0.327E-02  0.256E-01  0.527E-01
-18.825  0.817E-01  0.329E-02  0.253E-01  0.531E-01
-18.805  0.816E-01  0.329E-02  0.250E-01  0.533E-01
-18.785  0.813E-01  0.328E-02  0.247E-01  0.532E-01
-18.765  0.807E-01  0.326E-02  0.244E-01  0.530E-01
-18.745  0.800E-01  0.322E-02  0.242E-01  0.526E-01
-18.725  0.791E-01  0.318E-02  0.239E-01  0.520E-01
-18.705  0.780E-01  0.313E-02  0.236E-01  0.513E-01
-18.685  0.768E-01  0.307E-02  0.234E-01  0.503E-01
-18.665  0.754E-01  0.300E-02  0.232E-01  0.492E-01
-18.645  0.739E-01  0.292E-02  0.229E-01  0.480E-01
-18.625  0.722E-01  0.284E-02  0.227E-01  0.467E-01
-18.605  0.705E-01  0.276E-02  0.224E-01  0.453E-01
-18.585  0.688E-01  0.267E-02  0.221E-01  0.440E-01
-18.565  0.670E-01  0.258E-02  0.218E-01  0.426E-01
-18.545  0.652E-01  0.250E-02  0.214E-01  0.413E-01
-18.525  0.636E-01  0.243E-02  0.210E-01  0.401E-01
-18.505  0.621E-01  0.236E-02  0.206E-01  0.391E-01
-18.485  0.607E-01  0.231E-02  0.201E-01  0.383E-01
-18.465  0.596E-01  0.228E-02  0.196E-01  0.377E-01
-18.445  0.589E-01  0.226E-02  0.192E-01  0.374E-01
-18.425  0.584E-01  0.226E-02  0.187E-01  0.374E-01
-18.405  0.583E-01  0.228E-02  0.183E-01  0.378E-01
-18.385  0.586E-01  0.232E-02  0.179E-01  0.384E-01
-18.365  0.594E-01  0.238E-02  0.177E-01  0.393E-01
-18.345  0.606E-01  0.246E-02  0.175E-01  0.406E-01
-18.325  0.621E-01  0.256E-02  0.175E-01  0.421E-01
-18.305  0.641E-01  0.268E-02  0.176E-01  0.439E-01
-18.285  0.665E-01  0.281E-02  0.178E-01  0.459E-01
-18.265  0.692E-01  0.296E-02  0.182E-01  0.480E-01
-18.245  0.721E-01  0.313E-02  0.187E-01  0.503E-01
-18.225  0.753E-01  0.329E-02  0.193E-01  0.527E-01
-18.205  0.786E-01  0.347E-02  0.200E-01  0.551E-01
-18.185  0.819E-01  0.364E-02  0.208E-01  0.575E-01
-18.165  0.852E-01  0.381E-02  0.216E-01  0.598E-01
-18.145  0.883E-01  0.397E-02  0.224E-01  0.619E-01
-18.125  0.911E-01  0.412E-02  0.232E-01  0.638E-01
-18.105  0.936E-01  0.426E-02  0.239E-01  0.654E-01
-18.085  0.956E-01  0.436E-02  0.245E-01  0.667E-01
-18.065  0.971E-01  0.445E-02  0.250E-01  0.677E-01
-18.045  0.979E-01  0.450E-02  0.253E-01  0.682E-01
-18.025  0.981E-01  0.451E-02  0.254E-01  0.682E-01
-18.005  0.976E-01  0.450E-02  0.253E-01  0.678E-01
-17.985  0.964E-01  0.444E-02  0.251E-01  0.669E-01
-17.965  0.945E-01  0.435E-02  0.246E-01  0.655E-01
-17.945  0.920E-01  0.423E-02  0.241E-01  0.637E-01
-17.925  0.890E-01  0.409E-02  0.234E-01  0.616E-01
-17.905  0.857E-01  0.392E-02  0.226E-01  0.592E-01
-17.885  0.822E-01  0.374E-02  0.218E-01  0.567E-01
-17.865  0.787E-01  0.355E-02  0.211E-01  0.541E-01
-17.845  0.754E-01  0.337E-02  0.205E-01  0.515E-01
-17.825  0.725E-01  0.321E-02  0.201E-01  0.492E-01
-17.805  0.701E-01  0.307E-02  0.199E-01  0.472E-01
-17.785  0.685E-01  0.296E-02  0.199E-01  0.456E-01
-17.765  0.678E-01  0.289E-02  0.204E-01  0.445E-01
-17.745  0.681E-01  0.287E-02  0.212E-01  0.440E-01
-17.725  0.694E-01  0.290E-02  0.224E-01  0.441E-01
-17.705  0.717E-01  0.298E-02  0.239E-01  0.448E-01
-17.685  0.751E-01  0.312E-02  0.258E-01  0.461E-01
-17.665  0.793E-01  0.330E-02  0.281E-01  0.479E-01
-17.645  0.843E-01  0.351E-02  0.307E-01  0.502E-01
-17.625  0.899E-01  0.377E-02  0.334E-01  0.528E-01
-17.605  0.959E-01  0.404E-02  0.363E-01  0.555E-01
-17.585  0.102E+00  0.432E-02  0.393E-01  0.584E-01
-17.565  0.108E+00  0.461E-02  0.422E-01  0.611E-01
-17.545  0.114E+00  0.488E-02  0.451E-01  0.637E-01
-17.525  0.119E+00  0.513E-02  0.477E-01  0.660E-01
-17.505  0.123E+00  0.534E-02  0.501E-01  0.678E-01
-17.485  0.127E+00  0.552E-02  0.522E-01  0.691E-01
-17.465  0.130E+00  0.565E-02  0.540E-01  0.699E-01
-17.445  0.131E+00  0.573E-02  0.554E-01  0.701E-01
-17.425  0.132E+00  0.575E-02  0.564E-01  0.697E-01
-17.405  0.132E+00  0.573E-02  0.571E-01  0.688E-01
-17.385  0.130E+00  0.566E-02  0.574E-01  0.673E-01
-17.365  0.128E+00  0.554E-02  0.575E-01  0.654E-01
-17.345  0.126E+00  0.539E-02  0.573E-01  0.632E-01
-17.325  0.123E+00  0.521E-02  0.569E-01  0.607E-01
-17.305  0.119E+00  0.500E-02  0.564E-01  0.580E-01
-17.285  0.116E+00  0.478E-02  0.557E-01  0.551E-01
-17.265  0.112E+00  0.454E-02  0.549E-01  0.523E-01
-17.245  0.108E+00  0.430E-02  0.540E-01  0.494E-01
-17.225  0.104E+00  0.406E-02  0.531E-01  0.466E-01
-17.205  0.997E-01  0.382E-02  0.520E-01  0.439E-01
-17.185  0.956E-01  0.358E-02  0.508E-01  0.412E-01
-17.165  0.915E-01  0.335E-02  0.495E-01  0.386E-01
-17.145  0.872E-01  0.312E-02  0.480E-01  0.362E-01
-17.125  0.829E-01  0.290E-02  0.462E-01  0.338E-01
-17.105  0.783E-01  0.268E-02  0.442E-01  0.314E-01
-17.085  0.736E-01  0.246E-02  0.420E-01  0.291E-01
-17.065  0.687E-01  0.224E-02  0.396E-01  0.268E-01
-17.045  0.635E-01  0.203E-02  0.369E-01  0.246E-01
-17.025  0.583E-01  0.182E-02  0.341E-01  0.224E-01
-17.005  0.529E-01  0.161E-02  0.311E-01  0.202E-01
-16.985  0.476E-01  0.141E-02  0.281E-01  0.181E-01
-16.965  0.423E-01  0.121E-02  0.250E-01  0.160E-01
-16.945  0.371E-01  0.103E-02  0.219E-01  0.141E-01
-16.925  0.321E-01  0.858E-03  0.190E-01  0.122E-01
-16.905  0.274E-01  0.700E-03  0.162E-01  0.105E-01
-16.885  0.230E-01  0.556E-03  0.136E-01  0.887E-02
-16.865  0.190E-01  0.429E-03  0.111E-01  0.741E-02
-16.845  0.154E-01  0.318E-03  0.898E-02  0.609E-02
-16.825  0.122E-01  0.223E-03  0.707E-02  0.492E-02
-16.805  0.945E-02  0.145E-03  0.541E-02  0.390E-02
-16.785  0.708E-02  0.809E-04  0.399E-02  0.301E-02
-16.765  0.510E-02  0.308E-04  0.281E-02  0.225E-02
-16.745  0.345E-02 -0.746E-05  0.185E-02  0.161E-02
-16.725  0.212E-02 -0.354E-04  0.107E-02  0.108E-02
-16.705  0.105E-02 -0.549E-04  0.465E-03  0.638E-03
-16.685  0.208E-03 -0.675E-04 -0.103E-06  0.276E-03
-16.665 -0.440E-03 -0.748E-04 -0.346E-03 -0.190E-04
-16.645 -0.930E-03 -0.783E-04 -0.593E-03 -0.258E-03
-16.625 -0.129E-02 -0.792E-04 -0.761E-03 -0.453E-03
-16.605 -0.156E-02 -0.785E-04 -0.866E-03 -0.613E-03
-16.585 -0.175E-02 -0.772E-04 -0.923E-03 -0.748E-03
-16.565 -0.189E-02 -0.759E-04 -0.944E-03 -0.868E-03
-16.545 -0.199E-02 -0.753E-04 -0.939E-03 -0.981E-03
-16.525 -0.208E-02 -0.758E-04 -0.915E-03 -0.109E-02
-16.505 -0.217E-02 -0.776E-04 -0.881E-03 -0.121E-02
-16.485 -0.226E-02 -0.810E-04 -0.842E-03 -0.134E-02
-16.465 -0.237E-02 -0.860E-04 -0.801E-03 -0.149E-02
-16.445 -0.250E-02 -0.925E-04 -0.762E-03 -0.165E-02
-16.425 -0.264E-02 -0.100E-03 -0.726E-03 -0.182E-02
-16.405 -0.280E-02 -0.109E-03 -0.694E-03 -0.200E-02
-16.385 -0.296E-02 -0.117E-03 -0.666E-03 -0.218E-02
-16.365 -0.311E-02 -0.125E-03 -0.640E-03 -0.235E-02
-16.345 -0.323E-02 -0.131E-03 -0.613E-03 -0.249E-02
-16.325 -0.329E-02 -0.133E-03 -0.582E-03 -0.257E-02
-16.305 -0.326E-02 -0.131E-03 -0.541E-03 -0.259E-02
-16.285 -0.310E-02 -0.122E-03 -0.486E-03 -0.249E-02
-16.265 -0.278E-02 -0.104E-03 -0.411E-03 -0.227E-02
-16.245 -0.226E-02 -0.768E-04 -0.308E-03 -0.188E-02
-16.225 -0.150E-02 -0.371E-04 -0.173E-03 -0.129E-02
-16.205 -0.470E-03  0.165E-04  0.597E-06 -0.488E-03
-16.185  0.869E-03  0.852E-04  0.218E-03  0.566E-03
-16.165  0.254E-02  0.170E-03  0.482E-03  0.189E-02
-16.145  0.456E-02  0.272E-03  0.794E-03  0.349E-02
-16.125  0.693E-02  0.391E-03  0.116E-02  0.538E-02
-16.105  0.967E-02  0.527E-03  0.156E-02  0.758E-02
-16.085  0.128E-01  0.679E-03  0.201E-02  0.101E-01
-16.065  0.162E-01  0.846E-03  0.250E-02  0.129E-01
-16.045  0.200E-01  0.103E-02  0.301E-02  0.160E-01
-16.025  0.241E-01  0.122E-02  0.354E-02  0.193E-01
-16.005  0.285E-01  0.142E-02  0.408E-02  0.230E-01
-15.985  0.333E-01  0.163E-02  0.461E-02  0.271E-01
-15.965  0.384E-01  0.184E-02  0.513E-02  0.314E-01
-15.945  0.439E-01  0.207E-02  0.561E-02  0.362E-01
-15.925  0.497E-01  0.229E-02  0.607E-02  0.414E-01
-15.905  0.560E-01  0.252E-02  0.647E-02  0.470E-01
-15.885  0.626E-01  0.275E-02  0.683E-02  0.530E-01
-15.865  0.697E-01  0.298E-02  0.714E-02  0.596E-01
-15.845  0.773E-01  0.322E-02  0.741E-02  0.666E-01
-15.825  0.852E-01  0.345E-02  0.765E-02  0.741E-01
-15.805  0.935E-01  0.368E-02  0.786E-02  0.820E-01
-15.785  0.102E+00  0.391E-02  0.807E-02  0.901E-01
-15.765  0.111E+00  0.412E-02  0.831E-02  0.984E-01
-15.745  0.119E+00  0.433E-02  0.861E-02  0.107E+00
-15.725  0.128E+00  0.452E-02  0.900E-02  0.114E+00
-15.705  0.136E+00  0.469E-02  0.952E-02  0.122E+00
-15.685  0.143E+00  0.482E-02  0.102E-01  0.128E+00
-15.665  0.150E+00  0.493E-02  0.112E-01  0.134E+00
-15.645  0.155E+00  0.499E-02  0.124E-01  0.138E+00
-15.625  0.160E+00  0.502E-02  0.139E-01  0.141E+00
-15.605  0.163E+00  0.500E-02  0.158E-01  0.142E+00
-15.585  0.164E+00  0.493E-02  0.181E-01  0.141E+00
-15.565  0.164E+00  0.482E-02  0.208E-01  0.139E+00
-15.545  0.163E+00  0.466E-02  0.239E-01  0.134E+00
-15.525  0.160E+00  0.446E-02  0.274E-01  0.129E+00
-15.505  0.157E+00  0.424E-02  0.313E-01  0.121E+00
-15.485  0.152E+00  0.399E-02  0.355E-01  0.113E+00
-15.465  0.147E+00  0.372E-02  0.399E-01  0.104E+00
-15.445  0.142E+00  0.344E-02  0.444E-01  0.941E-01
-15.425  0.136E+00  0.317E-02  0.490E-01  0.842E-01
-15.405  0.131E+00  0.290E-02  0.534E-01  0.745E-01
-15.385  0.126E+00  0.266E-02  0.577E-01  0.652E-01
-15.365  0.121E+00  0.244E-02  0.616E-01  0.566E-01
-15.345  0.116E+00  0.225E-02  0.651E-01  0.488E-01
-15.325  0.112E+00  0.210E-02  0.681E-01  0.421E-01
-15.305  0.109E+00  0.198E-02  0.704E-01  0.365E-01
-15.285  0.106E+00  0.191E-02  0.721E-01  0.321E-01
-15.265  0.104E+00  0.187E-02  0.732E-01  0.287E-01
-15.245  0.102E+00  0.188E-02  0.735E-01  0.265E-01
-15.225  0.100E+00  0.192E-02  0.733E-01  0.251E-01
-15.205  0.992E-01  0.199E-02  0.725E-01  0.247E-01
-15.185  0.983E-01  0.210E-02  0.713E-01  0.249E-01
-15.165  0.977E-01  0.223E-02  0.697E-01  0.257E-01
-15.145  0.973E-01  0.239E-02  0.679E-01  0.270E-01
-15.125  0.971E-01  0.255E-02  0.660E-01  0.285E-01
-15.105  0.971E-01  0.273E-02  0.641E-01  0.303E-01
-15.085  0.973E-01  0.291E-02  0.623E-01  0.322E-01
-15.065  0.976E-01  0.308E-02  0.606E-01  0.340E-01
-15.045  0.981E-01  0.324E-02  0.591E-01  0.357E-01
-15.025  0.985E-01  0.338E-02  0.578E-01  0.373E-01
-15.005  0.989E-01  0.350E-02  0.568E-01  0.386E-01
-14.985  0.992E-01  0.360E-02  0.560E-01  0.396E-01
-14.965  0.993E-01  0.366E-02  0.553E-01  0.403E-01
-14.945  0.991E-01  0.369E-02  0.548E-01  0.406E-01
-14.925  0.986E-01  0.369E-02  0.544E-01  0.405E-01
-14.905  0.977E-01  0.366E-02  0.540E-01  0.401E-01
-14.885  0.965E-01  0.360E-02  0.536E-01  0.393E-01
-14.865  0.948E-01  0.351E-02  0.531E-01  0.382E-01
-14.845  0.927E-01  0.340E-02  0.525E-01  0.368E-01
-14.825  0.902E-01  0.328E-02  0.518E-01  0.351E-01
-14.805  0.875E-01  0.315E-02  0.510E-01  0.333E-01
-14.785  0.845E-01  0.301E-02  0.501E-01  0.314E-01
-14.765  0.814E-01  0.288E-02  0.491E-01  0.294E-01
-14.745  0.783E-01  0.276E-02  0.481E-01  0.275E-01
-14.725  0.754E-01  0.266E-02  0.470E-01  0.257E-01
-14.705  0.726E-01  0.257E-02  0.460E-01  0.240E-01
-14.685  0.701E-01  0.250E-02  0.450E-01  0.225E-01
-14.665  0.679E-01  0.246E-02  0.441E-01  0.213E-01
-14.645  0.661E-01  0.243E-02  0.434E-01  0.203E-01
-14.625  0.648E-01  0.244E-02  0.428E-01  0.196E-01
-14.605  0.640E-01  0.246E-02  0.423E-01  0.192E-01
-14.585  0.636E-01  0.251E-02  0.420E-01  0.190E-01
-14.565  0.636E-01  0.258E-02  0.419E-01  0.191E-01
-14.545  0.641E-01  0.266E-02  0.420E-01  0.195E-01
-14.525  0.650E-01  0.276E-02  0.423E-01  0.200E-01
-14.505  0.663E-01  0.288E-02  0.427E-01  0.207E-01
-14.485  0.679E-01  0.301E-02  0.433E-01  0.216E-01
-14.465  0.699E-01  0.315E-02  0.441E-01  0.227E-01
-14.445  0.722E-01  0.330E-02  0.451E-01  0.238E-01
-14.425  0.749E-01  0.347E-02  0.463E-01  0.251E-01
-14.405  0.778E-01  0.365E-02  0.477E-01  0.265E-01
-14.385  0.812E-01  0.384E-02  0.494E-01  0.279E-01
-14.365  0.848E-01  0.405E-02  0.514E-01  0.294E-01
-14.345  0.889E-01  0.427E-02  0.536E-01  0.310E-01
-14.325  0.933E-01  0.451E-02  0.561E-01  0.327E-01
-14.305  0.980E-01  0.477E-02  0.589E-01  0.344E-01
-14.285  0.103E+00  0.504E-02  0.620E-01  0.361E-01
-14.265  0.109E+00  0.532E-02  0.653E-01  0.379E-01
-14.245  0.114E+00  0.561E-02  0.689E-01  0.396E-01
-14.225  0.120E+00  0.591E-02  0.725E-01  0.413E-01
-14.205  0.125E+00  0.620E-02  0.762E-01  0.430E-01
-14.185  0.131E+00  0.647E-02  0.798E-01  0.445E-01
-14.165  0.136E+00  0.673E-02  0.831E-01  0.458E-01
-14.145  0.140E+00  0.695E-02  0.862E-01  0.469E-01
-14.125  0.144E+00  0.713E-02  0.887E-01  0.477E-01
-14.105  0.146E+00  0.725E-02  0.905E-01  0.482E-01
-14.085  0.147E+00  0.732E-02  0.916E-01  0.482E-01
-14.065  0.147E+00  0.731E-02  0.919E-01  0.479E-01
-14.045  0.145E+00  0.723E-02  0.911E-01  0.470E-01
-14.025  0.142E+00  0.708E-02  0.893E-01  0.458E-01
-14.005  0.137E+00  0.684E-02  0.866E-01  0.440E-01
-13.985  0.131E+00  0.653E-02  0.828E-01  0.418E-01
-13.965  0.123E+00  0.616E-02  0.781E-01  0.392E-01
-13.945  0.115E+00  0.572E-02  0.726E-01  0.362E-01
-13.925  0.105E+00  0.523E-02  0.665E-01  0.330E-01
-13.905  0.941E-01  0.471E-02  0.598E-01  0.295E-01
-13.885  0.830E-01  0.416E-02  0.529E-01  0.260E-01
-13.865  0.717E-01  0.360E-02  0.457E-01  0.224E-01
-13.845  0.605E-01  0.305E-02  0.387E-01  0.188E-01
-13.825  0.497E-01  0.252E-02  0.318E-01  0.154E-01
-13.805  0.395E-01  0.202E-02  0.253E-01  0.121E-01
-13.785  0.301E-01  0.156E-02  0.193E-01  0.916E-02
-13.765  0.215E-01  0.114E-02  0.139E-01  0.646E-02
-13.745  0.140E-01  0.780E-03  0.914E-02  0.408E-02
-13.725  0.753E-02  0.468E-03  0.503E-02  0.203E-02
-13.705  0.213E-02  0.209E-03  0.160E-02  0.322E-03
-13.685 -0.221E-02  0.991E-06 -0.116E-02 -0.105E-02
-13.665 -0.554E-02 -0.159E-03 -0.328E-02 -0.210E-02
-13.645 -0.792E-02 -0.275E-03 -0.481E-02 -0.284E-02
-13.625 -0.943E-02 -0.353E-03 -0.580E-02 -0.328E-02
-13.605 -0.101E-01 -0.397E-03 -0.629E-02 -0.345E-02
-13.585 -0.101E-01 -0.414E-03 -0.634E-02 -0.336E-02
-13.565 -0.942E-02 -0.408E-03 -0.599E-02 -0.302E-02
-13.545 -0.809E-02 -0.383E-03 -0.528E-02 -0.243E-02
-13.525 -0.619E-02 -0.345E-03 -0.424E-02 -0.160E-02
-13.505 -0.373E-02 -0.296E-03 -0.289E-02 -0.543E-03
-13.485 -0.763E-03 -0.240E-03 -0.127E-02  0.744E-03
-13.465  0.269E-02 -0.178E-03  0.615E-03  0.225E-02
-13.445  0.660E-02 -0.113E-03  0.273E-02  0.398E-02
-13.425  0.109E-01 -0.456E-04  0.506E-02  0.589E-02
-13.405  0.156E-01  0.225E-04  0.757E-02  0.799E-02
-13.385  0.206E-01  0.910E-04  0.102E-01  0.102E-01
-13.365  0.258E-01  0.160E-03  0.130E-01  0.126E-01
-13.345  0.311E-01  0.230E-03  0.159E-01  0.150E-01
-13.325  0.366E-01  0.302E-03  0.189E-01  0.174E-01
-13.305  0.421E-01  0.378E-03  0.219E-01  0.199E-01
-13.285  0.476E-01  0.463E-03  0.249E-01  0.222E-01
-13.265  0.531E-01  0.561E-03  0.281E-01  0.244E-01
-13.245  0.586E-01  0.679E-03  0.314E-01  0.265E-01
-13.225  0.641E-01  0.822E-03  0.349E-01  0.284E-01
-13.205  0.697E-01  0.100E-02  0.387E-01  0.300E-01
-13.185  0.755E-01  0.122E-02  0.429E-01  0.315E-01
-13.165  0.818E-01  0.150E-02  0.476E-01  0.327E-01
-13.145  0.886E-01  0.184E-02  0.529E-01  0.338E-01
-13.125  0.960E-01  0.225E-02  0.591E-01  0.347E-01
-13.105  0.104E+00  0.274E-02  0.662E-01  0.355E-01
-13.085  0.114E+00  0.331E-02  0.742E-01  0.363E-01
-13.065  0.124E+00  0.397E-02  0.833E-01  0.371E-01
-13.045  0.136E+00  0.471E-02  0.935E-01  0.379E-01
-13.025  0.149E+00  0.552E-02  0.105E+00  0.389E-01
-13.005  0.163E+00  0.639E-02  0.117E+00  0.401E-01
-12.985  0.178E+00  0.730E-02  0.129E+00  0.414E-01
-12.965  0.194E+00  0.824E-02  0.142E+00  0.431E-01
-12.945  0.210E+00  0.918E-02  0.155E+00  0.450E-01
-12.925  0.225E+00  0.101E-01  0.168E+00  0.472E-01
-12.905  0.241E+00  0.109E-01  0.180E+00  0.496E-01
-12.885  0.255E+00  0.117E-01  0.191E+00  0.523E-01
-12.865  0.268E+00  0.123E-01  0.201E+00  0.552E-01
-12.845  0.280E+00  0.128E-01  0.208E+00  0.583E-01
-12.825  0.289E+00  0.132E-01  0.214E+00  0.616E-01
-12.805  0.295E+00  0.133E-01  0.217E+00  0.649E-01
-12.785  0.299E+00  0.133E-01  0.218E+00  0.682E-01
-12.765  0.301E+00  0.132E-01  0.216E+00  0.715E-01
-12.745  0.300E+00  0.128E-01  0.212E+00  0.746E-01
-12.725  0.296E+00  0.123E-01  0.206E+00  0.777E-01
-12.705  0.290E+00  0.117E-01  0.198E+00  0.805E-01
-12.685  0.282E+00  0.110E-01  0.188E+00  0.831E-01
-12.665  0.273E+00  0.102E-01  0.177E+00  0.854E-01
-12.645  0.263E+00  0.933E-02  0.166E+00  0.874E-01
-12.625  0.251E+00  0.848E-02  0.154E+00  0.889E-01
-12.605  0.240E+00  0.765E-02  0.142E+00  0.901E-01
-12.585  0.229E+00  0.686E-02  0.131E+00  0.910E-01
-12.565  0.218E+00  0.614E-02  0.121E+00  0.914E-01
-12.545  0.209E+00  0.550E-02  0.112E+00  0.915E-01
-12.525  0.201E+00  0.495E-02  0.105E+00  0.913E-01
-12.505  0.195E+00  0.449E-02  0.100E+00  0.908E-01
-12.485  0.192E+00  0.414E-02  0.975E-01  0.901E-01
-12.465  0.191E+00  0.389E-02  0.974E-01  0.894E-01
-12.445  0.192E+00  0.372E-02  0.999E-01  0.887E-01
-12.425  0.197E+00  0.364E-02  0.105E+00  0.881E-01
-12.405  0.204E+00  0.363E-02  0.113E+00  0.877E-01
-12.385  0.214E+00  0.368E-02  0.123E+00  0.877E-01
-12.365  0.227E+00  0.378E-02  0.135E+00  0.881E-01
-12.345  0.242E+00  0.392E-02  0.150E+00  0.889E-01
-12.325  0.260E+00  0.409E-02  0.165E+00  0.901E-01
-12.305  0.278E+00  0.427E-02  0.182E+00  0.919E-01
-12.285  0.298E+00  0.445E-02  0.200E+00  0.940E-01
-12.265  0.318E+00  0.464E-02  0.217E+00  0.964E-01
-12.245  0.337E+00  0.481E-02  0.233E+00  0.991E-01
-12.225  0.355E+00  0.497E-02  0.248E+00  0.102E+00
-12.205  0.370E+00  0.510E-02  0.261E+00  0.104E+00
-12.185  0.383E+00  0.520E-02  0.271E+00  0.107E+00
-12.165  0.393E+00  0.526E-02  0.279E+00  0.109E+00
-12.145  0.398E+00  0.529E-02  0.283E+00  0.110E+00
-12.125  0.400E+00  0.527E-02  0.284E+00  0.110E+00
-12.105  0.397E+00  0.522E-02  0.282E+00  0.110E+00
-12.085  0.390E+00  0.513E-02  0.276E+00  0.109E+00
-12.065  0.379E+00  0.501E-02  0.268E+00  0.107E+00
-12.045  0.365E+00  0.486E-02  0.257E+00  0.104E+00
-12.025  0.349E+00  0.469E-02  0.244E+00  0.999E-01
-12.005  0.330E+00  0.451E-02  0.230E+00  0.954E-01
-11.985  0.310E+00  0.432E-02  0.215E+00  0.906E-01
-11.965  0.290E+00  0.413E-02  0.200E+00  0.854E-01
-11.945  0.270E+00  0.396E-02  0.186E+00  0.801E-01
-11.925  0.251E+00  0.380E-02  0.172E+00  0.749E-01
-11.905  0.234E+00  0.367E-02  0.160E+00  0.700E-01
-11.885  0.219E+00  0.357E-02  0.150E+00  0.655E-01
-11.865  0.207E+00  0.350E-02  0.142E+00  0.616E-01
-11.845  0.197E+00  0.346E-02  0.136E+00  0.584E-01
-11.825  0.191E+00  0.346E-02  0.132E+00  0.558E-01
-11.805  0.187E+00  0.349E-02  0.130E+00  0.539E-01
-11.785  0.186E+00  0.354E-02  0.129E+00  0.527E-01
-11.765  0.187E+00  0.361E-02  0.131E+00  0.521E-01
-11.745  0.190E+00  0.370E-02  0.134E+00  0.520E-01
-11.725  0.195E+00  0.380E-02  0.139E+00  0.523E-01
-11.705  0.201E+00  0.391E-02  0.144E+00  0.530E-01
-11.685  0.208E+00  0.401E-02  0.150E+00  0.539E-01
-11.665  0.216E+00  0.412E-02  0.157E+00  0.548E-01
-11.645  0.224E+00  0.421E-02  0.164E+00  0.559E-01
-11.625  0.232E+00  0.430E-02  0.170E+00  0.569E-01
-11.605  0.239E+00  0.437E-02  0.177E+00  0.578E-01
-11.585  0.246E+00  0.444E-02  0.183E+00  0.585E-01
-11.565  0.252E+00  0.449E-02  0.189E+00  0.591E-01
-11.545  0.257E+00  0.453E-02  0.193E+00  0.595E-01
-11.525  0.262E+00  0.457E-02  0.197E+00  0.597E-01
-11.505  0.265E+00  0.459E-02  0.201E+00  0.597E-01
-11.485  0.267E+00  0.462E-02  0.203E+00  0.595E-01
-11.465  0.268E+00  0.464E-02  0.204E+00  0.592E-01
-11.445  0.268E+00  0.465E-02  0.205E+00  0.587E-01
-11.425  0.267E+00  0.467E-02  0.205E+00  0.581E-01
-11.405  0.266E+00  0.469E-02  0.204E+00  0.574E-01
-11.385  0.264E+00  0.472E-02  0.202E+00  0.566E-01
-11.365  0.261E+00  0.474E-02  0.201E+00  0.558E-01
-11.345  0.258E+00  0.477E-02  0.199E+00  0.549E-01
-11.325  0.256E+00  0.481E-02  0.197E+00  0.540E-01
-11.305  0.253E+00  0.484E-02  0.195E+00  0.531E-01
-11.285  0.250E+00  0.487E-02  0.193E+00  0.522E-01
-11.265  0.247E+00  0.491E-02  0.191E+00  0.512E-01
-11.245  0.245E+00  0.493E-02  0.190E+00  0.503E-01
-11.225  0.242E+00  0.495E-02  0.188E+00  0.495E-01
-11.205  0.240E+00  0.496E-02  0.186E+00  0.486E-01
-11.185  0.237E+00  0.496E-02  0.184E+00  0.478E-01
-11.165  0.234E+00  0.495E-02  0.182E+00  0.471E-01
-11.145  0.231E+00  0.492E-02  0.180E+00  0.464E-01
-11.125  0.227E+00  0.487E-02  0.176E+00  0.458E-01
-11.105  0.223E+00  0.481E-02  0.172E+00  0.454E-01
-11.085  0.218E+00  0.473E-02  0.168E+00  0.451E-01
-11.065  0.212E+00  0.464E-02  0.162E+00  0.450E-01
-11.045  0.206E+00  0.454E-02  0.156E+00  0.452E-01
-11.025  0.199E+00  0.442E-02  0.149E+00  0.456E-01
-11.005  0.192E+00  0.430E-02  0.141E+00  0.464E-01
-10.985  0.185E+00  0.417E-02  0.133E+00  0.475E-01
-10.965  0.178E+00  0.405E-02  0.125E+00  0.490E-01
-10.945  0.171E+00  0.393E-02  0.116E+00  0.509E-01
-10.925  0.165E+00  0.382E-02  0.108E+00  0.532E-01
-10.905  0.161E+00  0.373E-02  0.101E+00  0.560E-01
-10.885  0.157E+00  0.366E-02  0.944E-01  0.591E-01
-10.865  0.155E+00  0.362E-02  0.893E-01  0.625E-01
-10.845  0.156E+00  0.361E-02  0.859E-01  0.662E-01
-10.825  0.158E+00  0.363E-02  0.845E-01  0.700E-01
-10.805  0.163E+00  0.369E-02  0.854E-01  0.738E-01
-10.785  0.170E+00  0.378E-02  0.888E-01  0.777E-01
-10.765  0.180E+00  0.391E-02  0.951E-01  0.813E-01
-10.745  0.193E+00  0.406E-02  0.104E+00  0.848E-01
-10.725  0.209E+00  0.424E-02  0.116E+00  0.879E-01
-10.705  0.227E+00  0.444E-02  0.132E+00  0.906E-01
-10.685  0.247E+00  0.464E-02  0.150E+00  0.929E-01
-10.665  0.270E+00  0.483E-02  0.170E+00  0.947E-01
-10.645  0.294E+00  0.499E-02  0.193E+00  0.960E-01
-10.625  0.320E+00  0.511E-02  0.218E+00  0.969E-01
-10.605  0.346E+00  0.517E-02  0.243E+00  0.974E-01
-10.585  0.372E+00  0.515E-02  0.270E+00  0.976E-01
-10.565  0.398E+00  0.504E-02  0.296E+00  0.974E-01
-10.545  0.423E+00  0.482E-02  0.321E+00  0.969E-01
-10.525  0.445E+00  0.449E-02  0.345E+00  0.963E-01
-10.505  0.465E+00  0.405E-02  0.366E+00  0.956E-01
-10.485  0.482E+00  0.350E-02  0.384E+00  0.947E-01
-10.465  0.495E+00  0.287E-02  0.398E+00  0.939E-01
-10.445  0.504E+00  0.219E-02  0.409E+00  0.930E-01
-10.425  0.508E+00  0.153E-02  0.414E+00  0.922E-01
-10.405  0.508E+00  0.950E-03  0.416E+00  0.916E-01
-10.385  0.504E+00  0.546E-03  0.412E+00  0.910E-01
-10.365  0.496E+00  0.427E-03  0.405E+00  0.907E-01
-10.345  0.485E+00  0.723E-03  0.393E+00  0.907E-01
-10.325  0.470E+00  0.157E-02  0.378E+00  0.910E-01
-10.305  0.454E+00  0.313E-02  0.359E+00  0.918E-01
-10.285  0.437E+00  0.553E-02  0.338E+00  0.932E-01
-10.265  0.420E+00  0.894E-02  0.316E+00  0.951E-01
-10.245  0.403E+00  0.135E-01  0.292E+00  0.979E-01
-10.225  0.388E+00  0.192E-01  0.267E+00  0.102E+00
-10.205  0.376E+00  0.262E-01  0.243E+00  0.106E+00
-10.185  0.366E+00  0.345E-01  0.220E+00  0.112E+00
-10.165  0.361E+00  0.439E-01  0.198E+00  0.119E+00
-10.145  0.359E+00  0.545E-01  0.178E+00  0.126E+00
-10.125  0.361E+00  0.661E-01  0.160E+00  0.135E+00
-10.105  0.368E+00  0.783E-01  0.144E+00  0.145E+00
-10.085  0.378E+00  0.909E-01  0.131E+00  0.156E+00
-10.065  0.391E+00  0.104E+00  0.120E+00  0.168E+00
-10.045  0.407E+00  0.116E+00  0.111E+00  0.180E+00
-10.025  0.426E+00  0.128E+00  0.105E+00  0.193E+00
-10.005  0.445E+00  0.138E+00  0.101E+00  0.205E+00
 -9.985  0.465E+00  0.148E+00  0.995E-01  0.218E+00
 -9.965  0.484E+00  0.155E+00  0.993E-01  0.230E+00
 -9.945  0.502E+00  0.161E+00  0.101E+00  0.241E+00
 -9.925  0.518E+00  0.165E+00  0.103E+00  0.250E+00
 -9.905  0.531E+00  0.166E+00  0.107E+00  0.258E+00
 -9.885  0.542E+00  0.166E+00  0.111E+00  0.265E+00
 -9.865  0.549E+00  0.164E+00  0.116E+00  0.269E+00
 -9.845  0.553E+00  0.159E+00  0.122E+00  0.271E+00
 -9.825  0.554E+00  0.154E+00  0.128E+00  0.272E+00
 -9.805  0.552E+00  0.147E+00  0.135E+00  0.270E+00
 -9.785  0.548E+00  0.139E+00  0.143E+00  0.266E+00
 -9.765  0.541E+00  0.131E+00  0.151E+00  0.260E+00
 -9.745  0.534E+00  0.122E+00  0.160E+00  0.252E+00
 -9.725  0.526E+00  0.114E+00  0.169E+00  0.243E+00
 -9.705  0.517E+00  0.105E+00  0.179E+00  0.233E+00
 -9.685  0.509E+00  0.977E-01  0.190E+00  0.221E+00
 -9.665  0.500E+00  0.906E-01  0.200E+00  0.209E+00
 -9.645  0.493E+00  0.842E-01  0.211E+00  0.197E+00
 -9.625  0.486E+00  0.787E-01  0.222E+00  0.185E+00
 -9.605  0.479E+00  0.740E-01  0.233E+00  0.173E+00
 -9.585  0.474E+00  0.700E-01  0.242E+00  0.161E+00
 -9.565  0.468E+00  0.668E-01  0.251E+00  0.150E+00
 -9.545  0.463E+00  0.643E-01  0.258E+00  0.141E+00
 -9.525  0.458E+00  0.624E-01  0.263E+00  0.132E+00
 -9.505  0.452E+00  0.609E-01  0.267E+00  0.125E+00
 -9.485  0.447E+00  0.599E-01  0.268E+00  0.119E+00
 -9.465  0.442E+00  0.592E-01  0.268E+00  0.115E+00
 -9.445  0.437E+00  0.588E-01  0.266E+00  0.113E+00
 -9.425  0.433E+00  0.588E-01  0.261E+00  0.113E+00
 -9.405  0.430E+00  0.590E-01  0.256E+00  0.115E+00
 -9.385  0.428E+00  0.595E-01  0.249E+00  0.120E+00
 -9.365  0.428E+00  0.602E-01  0.241E+00  0.127E+00
 -9.345  0.429E+00  0.614E-01  0.232E+00  0.135E+00
 -9.325  0.432E+00  0.628E-01  0.223E+00  0.146E+00
 -9.305  0.437E+00  0.647E-01  0.214E+00  0.159E+00
 -9.285  0.445E+00  0.669E-01  0.205E+00  0.172E+00
 -9.265  0.453E+00  0.696E-01  0.197E+00  0.187E+00
 -9.245  0.463E+00  0.727E-01  0.188E+00  0.202E+00
 -9.225  0.474E+00  0.762E-01  0.181E+00  0.217E+00
 -9.205  0.485E+00  0.801E-01  0.173E+00  0.232E+00
 -9.185  0.496E+00  0.842E-01  0.166E+00  0.246E+00
 -9.165  0.506E+00  0.886E-01  0.159E+00  0.258E+00
 -9.145  0.514E+00  0.932E-01  0.152E+00  0.268E+00
 -9.125  0.519E+00  0.978E-01  0.146E+00  0.276E+00
 -9.105  0.523E+00  0.102E+00  0.139E+00  0.281E+00
 -9.085  0.523E+00  0.107E+00  0.132E+00  0.284E+00
 -9.065  0.520E+00  0.111E+00  0.126E+00  0.284E+00
 -9.045  0.515E+00  0.115E+00  0.119E+00  0.281E+00
 -9.025  0.506E+00  0.118E+00  0.112E+00  0.276E+00
 -9.005  0.496E+00  0.121E+00  0.105E+00  0.270E+00
 -8.985  0.483E+00  0.123E+00  0.987E-01  0.261E+00
 -8.965  0.469E+00  0.125E+00  0.923E-01  0.252E+00
 -8.945  0.454E+00  0.126E+00  0.861E-01  0.242E+00
 -8.925  0.439E+00  0.126E+00  0.803E-01  0.232E+00
 -8.905  0.423E+00  0.126E+00  0.747E-01  0.223E+00
 -8.885  0.408E+00  0.125E+00  0.695E-01  0.214E+00
 -8.865  0.394E+00  0.124E+00  0.645E-01  0.206E+00
 -8.845  0.381E+00  0.122E+00  0.598E-01  0.199E+00
 -8.825  0.368E+00  0.119E+00  0.554E-01  0.194E+00
 -8.805  0.357E+00  0.116E+00  0.512E-01  0.190E+00
 -8.785  0.347E+00  0.113E+00  0.472E-01  0.187E+00
 -8.765  0.338E+00  0.109E+00  0.434E-01  0.186E+00
 -8.745  0.330E+00  0.105E+00  0.399E-01  0.185E+00
 -8.725  0.323E+00  0.102E+00  0.365E-01  0.185E+00
 -8.705  0.316E+00  0.979E-01  0.334E-01  0.185E+00
 -8.685  0.310E+00  0.943E-01  0.307E-01  0.185E+00
 -8.665  0.305E+00  0.910E-01  0.283E-01  0.185E+00
 -8.645  0.299E+00  0.879E-01  0.263E-01  0.185E+00
 -8.625  0.294E+00  0.852E-01  0.249E-01  0.184E+00
 -8.605  0.290E+00  0.830E-01  0.239E-01  0.183E+00
 -8.585  0.285E+00  0.811E-01  0.236E-01  0.181E+00
 -8.565  0.281E+00  0.797E-01  0.237E-01  0.177E+00
 -8.545  0.276E+00  0.788E-01  0.245E-01  0.173E+00
 -8.525  0.272E+00  0.782E-01  0.258E-01  0.168E+00
 -8.505  0.268E+00  0.780E-01  0.276E-01  0.162E+00
 -8.485  0.263E+00  0.781E-01  0.299E-01  0.155E+00
 -8.465  0.259E+00  0.784E-01  0.325E-01  0.148E+00
 -8.445  0.255E+00  0.789E-01  0.355E-01  0.140E+00
 -8.425  0.251E+00  0.795E-01  0.386E-01  0.132E+00
 -8.405  0.246E+00  0.801E-01  0.419E-01  0.124E+00
 -8.385  0.242E+00  0.806E-01  0.452E-01  0.116E+00
 -8.365  0.238E+00  0.811E-01  0.485E-01  0.109E+00
 -8.345  0.235E+00  0.814E-01  0.517E-01  0.101E+00
 -8.325  0.231E+00  0.817E-01  0.548E-01  0.950E-01
 -8.305  0.229E+00  0.818E-01  0.577E-01  0.893E-01
 -8.285  0.227E+00  0.819E-01  0.603E-01  0.845E-01
 -8.265  0.225E+00  0.819E-01  0.626E-01  0.808E-01
 -8.245  0.225E+00  0.821E-01  0.647E-01  0.782E-01
 -8.225  0.226E+00  0.824E-01  0.664E-01  0.767E-01
 -8.205  0.227E+00  0.832E-01  0.679E-01  0.763E-01
 -8.185  0.230E+00  0.844E-01  0.690E-01  0.770E-01
 -8.165  0.235E+00  0.863E-01  0.698E-01  0.785E-01
 -8.145  0.240E+00  0.891E-01  0.704E-01  0.807E-01
 -8.125  0.247E+00  0.931E-01  0.706E-01  0.836E-01
 -8.105  0.256E+00  0.983E-01  0.706E-01  0.868E-01
 -8.085  0.266E+00  0.105E+00  0.703E-01  0.903E-01
 -8.065  0.277E+00  0.114E+00  0.698E-01  0.937E-01
 -8.045  0.290E+00  0.124E+00  0.691E-01  0.969E-01
 -8.025  0.305E+00  0.137E+00  0.683E-01  0.998E-01
 -8.005  0.321E+00  0.151E+00  0.673E-01  0.102E+00
 -7.985  0.338E+00  0.168E+00  0.663E-01  0.104E+00
 -7.965  0.357E+00  0.187E+00  0.652E-01  0.105E+00
 -7.945  0.377E+00  0.208E+00  0.640E-01  0.105E+00
 -7.925  0.399E+00  0.230E+00  0.630E-01  0.105E+00
 -7.905  0.421E+00  0.254E+00  0.619E-01  0.104E+00
 -7.885  0.443E+00  0.279E+00  0.609E-01  0.103E+00
 -7.865  0.466E+00  0.305E+00  0.600E-01  0.101E+00
 -7.845  0.489E+00  0.330E+00  0.592E-01  0.993E-01
 -7.825  0.511E+00  0.355E+00  0.585E-01  0.971E-01
 -7.805  0.532E+00  0.379E+00  0.578E-01  0.950E-01
 -7.785  0.552E+00  0.401E+00  0.572E-01  0.930E-01
 -7.765  0.569E+00  0.421E+00  0.567E-01  0.912E-01
 -7.745  0.584E+00  0.438E+00  0.562E-01  0.898E-01
 -7.725  0.596E+00  0.452E+00  0.556E-01  0.887E-01
 -7.705  0.605E+00  0.462E+00  0.551E-01  0.881E-01
 -7.685  0.611E+00  0.469E+00  0.546E-01  0.879E-01
 -7.665  0.614E+00  0.472E+00  0.540E-01  0.881E-01
 -7.645  0.614E+00  0.472E+00  0.535E-01  0.888E-01
 -7.625  0.611E+00  0.468E+00  0.529E-01  0.897E-01
 -7.605  0.605E+00  0.461E+00  0.523E-01  0.910E-01
 -7.585  0.597E+00  0.452E+00  0.518E-01  0.924E-01
 -7.565  0.587E+00  0.441E+00  0.514E-01  0.939E-01
 -7.545  0.575E+00  0.429E+00  0.511E-01  0.955E-01
 -7.525  0.564E+00  0.416E+00  0.510E-01  0.970E-01
 -7.505  0.551E+00  0.402E+00  0.510E-01  0.983E-01
 -7.485  0.538E+00  0.388E+00  0.513E-01  0.993E-01
 -7.465  0.526E+00  0.374E+00  0.517E-01  0.100E+00
 -7.445  0.514E+00  0.361E+00  0.524E-01  0.100E+00
 -7.425  0.501E+00  0.348E+00  0.533E-01  0.100E+00
 -7.405  0.489E+00  0.335E+00  0.544E-01  0.990E-01
 -7.385  0.476E+00  0.323E+00  0.556E-01  0.975E-01
 -7.365  0.463E+00  0.311E+00  0.568E-01  0.952E-01
 -7.345  0.449E+00  0.299E+00  0.581E-01  0.923E-01
 -7.325  0.434E+00  0.286E+00  0.593E-01  0.886E-01
 -7.305  0.417E+00  0.273E+00  0.604E-01  0.843E-01
 -7.285  0.400E+00  0.259E+00  0.613E-01  0.794E-01
 -7.265  0.381E+00  0.245E+00  0.621E-01  0.740E-01
 -7.245  0.361E+00  0.230E+00  0.626E-01  0.682E-01
 -7.225  0.341E+00  0.216E+00  0.629E-01  0.621E-01
 -7.205  0.320E+00  0.201E+00  0.631E-01  0.560E-01
 -7.185  0.300E+00  0.187E+00  0.630E-01  0.498E-01
 -7.165  0.280E+00  0.173E+00  0.629E-01  0.438E-01
 -7.145  0.262E+00  0.161E+00  0.628E-01  0.381E-01
 -7.125  0.247E+00  0.151E+00  0.628E-01  0.328E-01
 -7.105  0.234E+00  0.143E+00  0.629E-01  0.280E-01
 -7.085  0.224E+00  0.137E+00  0.632E-01  0.237E-01
 -7.065  0.218E+00  0.134E+00  0.637E-01  0.201E-01
 -7.045  0.215E+00  0.133E+00  0.645E-01  0.170E-01
 -7.025  0.215E+00  0.135E+00  0.656E-01  0.145E-01
 -7.005  0.219E+00  0.139E+00  0.670E-01  0.127E-01
 -6.985  0.225E+00  0.146E+00  0.685E-01  0.113E-01
 -6.965  0.234E+00  0.153E+00  0.701E-01  0.104E-01
 -6.945  0.244E+00  0.162E+00  0.717E-01  0.985E-02
 -6.925  0.255E+00  0.172E+00  0.731E-01  0.965E-02
 -6.905  0.266E+00  0.182E+00  0.741E-01  0.968E-02
 -6.885  0.277E+00  0.192E+00  0.748E-01  0.989E-02
 -6.865  0.286E+00  0.201E+00  0.748E-01  0.102E-01
 -6.845  0.295E+00  0.210E+00  0.742E-01  0.106E-01
 -6.825  0.301E+00  0.217E+00  0.729E-01  0.110E-01
 -6.805  0.305E+00  0.223E+00  0.708E-01  0.113E-01
 -6.785  0.306E+00  0.227E+00  0.679E-01  0.117E-01
 -6.765  0.305E+00  0.229E+00  0.643E-01  0.119E-01
 -6.745  0.302E+00  0.230E+00  0.600E-01  0.121E-01
 -6.725  0.297E+00  0.230E+00  0.552E-01  0.122E-01
 -6.705  0.291E+00  0.228E+00  0.499E-01  0.123E-01
 -6.685  0.282E+00  0.226E+00  0.444E-01  0.123E-01
 -6.665  0.273E+00  0.222E+00  0.388E-01  0.122E-01
 -6.645  0.263E+00  0.218E+00  0.333E-01  0.121E-01
 -6.625  0.252E+00  0.213E+00  0.279E-01  0.120E-01
 -6.605  0.242E+00  0.207E+00  0.228E-01  0.118E-01
 -6.585  0.232E+00  0.202E+00  0.182E-01  0.117E-01
 -6.565  0.222E+00  0.196E+00  0.140E-01  0.115E-01
 -6.545  0.213E+00  0.191E+00  0.104E-01  0.113E-01
 -6.525  0.204E+00  0.186E+00  0.731E-02  0.111E-01
 -6.505  0.197E+00  0.181E+00  0.480E-02  0.109E-01
 -6.485  0.191E+00  0.177E+00  0.282E-02  0.107E-01
 -6.465  0.185E+00  0.173E+00  0.134E-02  0.105E-01
 -6.445  0.181E+00  0.170E+00  0.303E-03  0.103E-01
 -6.425  0.177E+00  0.168E+00 -0.354E-03  0.102E-01
 -6.405  0.175E+00  0.166E+00 -0.694E-03  0.101E-01
 -6.385  0.173E+00  0.164E+00 -0.782E-03  0.997E-02
 -6.365  0.172E+00  0.163E+00 -0.679E-03  0.989E-02
 -6.345  0.171E+00  0.162E+00 -0.441E-03  0.983E-02
 -6.325  0.171E+00  0.161E+00 -0.118E-03  0.979E-02
 -6.305  0.170E+00  0.160E+00  0.249E-03  0.976E-02
 -6.285  0.170E+00  0.160E+00  0.626E-03  0.976E-02
 -6.265  0.169E+00  0.159E+00  0.988E-03  0.976E-02
 -6.245  0.169E+00  0.158E+00  0.132E-02  0.978E-02
 -6.225  0.167E+00  0.156E+00  0.160E-02  0.980E-02
 -6.205  0.166E+00  0.154E+00  0.183E-02  0.982E-02
 -6.185  0.163E+00  0.152E+00  0.201E-02  0.985E-02
 -6.165  0.161E+00  0.149E+00  0.214E-02  0.988E-02
 -6.145  0.158E+00  0.146E+00  0.222E-02  0.992E-02
 -6.125  0.155E+00  0.143E+00  0.227E-02  0.996E-02
 -6.105  0.152E+00  0.140E+00  0.228E-02  0.100E-01
 -6.085  0.149E+00  0.136E+00  0.227E-02  0.101E-01
 -6.065  0.146E+00  0.133E+00  0.224E-02  0.101E-01
 -6.045  0.143E+00  0.131E+00  0.220E-02  0.102E-01
 -6.025  0.141E+00  0.128E+00  0.216E-02  0.103E-01
 -6.005  0.138E+00  0.126E+00  0.212E-02  0.104E-01
 -5.985  0.137E+00  0.124E+00  0.207E-02  0.105E-01
 -5.965  0.135E+00  0.123E+00  0.204E-02  0.106E-01
 -5.945  0.134E+00  0.121E+00  0.200E-02  0.106E-01
 -5.925  0.133E+00  0.120E+00  0.197E-02  0.107E-01
 -5.905  0.132E+00  0.119E+00  0.194E-02  0.107E-01
 -5.885  0.131E+00  0.118E+00  0.192E-02  0.107E-01
 -5.865  0.129E+00  0.117E+00  0.189E-02  0.106E-01
 -5.845  0.128E+00  0.115E+00  0.186E-02  0.104E-01
 -5.825  0.126E+00  0.114E+00  0.182E-02  0.102E-01
 -5.805  0.123E+00  0.111E+00  0.179E-02  0.999E-02
 -5.785  0.120E+00  0.109E+00  0.174E-02  0.969E-02
 -5.765  0.117E+00  0.106E+00  0.169E-02  0.935E-02
 -5.745  0.114E+00  0.103E+00  0.164E-02  0.898E-02
 -5.725  0.110E+00  0.100E+00  0.159E-02  0.859E-02
 -5.705  0.107E+00  0.971E-01  0.153E-02  0.820E-02
 -5.685  0.104E+00  0.943E-01  0.148E-02  0.782E-02
 -5.665  0.101E+00  0.918E-01  0.144E-02  0.747E-02
 -5.645  0.984E-01  0.898E-01  0.140E-02  0.716E-02
 -5.625  0.967E-01  0.884E-01  0.138E-02  0.690E-02
 -5.605  0.957E-01  0.876E-01  0.136E-02  0.671E-02
 -5.585  0.954E-01  0.874E-01  0.136E-02  0.657E-02
 -5.565  0.958E-01  0.879E-01  0.137E-02  0.651E-02
 -5.545  0.968E-01  0.889E-01  0.139E-02  0.650E-02
 -5.525  0.984E-01  0.904E-01  0.143E-02  0.656E-02
 -5.505  0.100E+00  0.923E-01  0.148E-02  0.666E-02
 -5.485  0.103E+00  0.944E-01  0.153E-02  0.681E-02
 -5.465  0.105E+00  0.966E-01  0.160E-02  0.698E-02
 -5.445  0.108E+00  0.988E-01  0.167E-02  0.717E-02
 -5.425  0.110E+00  0.101E+00  0.175E-02  0.736E-02
 -5.405  0.112E+00  0.103E+00  0.183E-02  0.755E-02
 -5.385  0.114E+00  0.104E+00  0.191E-02  0.774E-02
 -5.365  0.116E+00  0.106E+00  0.200E-02  0.790E-02
 -5.345  0.117E+00  0.107E+00  0.209E-02  0.805E-02
 -5.325  0.118E+00  0.108E+00  0.218E-02  0.818E-02
 -5.305  0.119E+00  0.108E+00  0.227E-02  0.828E-02
 -5.285  0.119E+00  0.109E+00  0.236E-02  0.835E-02
 -5.265  0.120E+00  0.109E+00  0.245E-02  0.841E-02
 -5.245  0.120E+00  0.109E+00  0.253E-02  0.844E-02
 -5.225  0.121E+00  0.110E+00  0.261E-02  0.844E-02
 -5.205  0.121E+00  0.110E+00  0.268E-02  0.843E-02
 -5.185  0.121E+00  0.110E+00  0.274E-02  0.839E-02
 -5.165  0.122E+00  0.111E+00  0.278E-02  0.832E-02
 -5.145  0.122E+00  0.111E+00  0.282E-02  0.823E-02
 -5.125  0.123E+00  0.112E+00  0.284E-02  0.812E-02
 -5.105  0.123E+00  0.113E+00  0.285E-02  0.799E-02
 -5.085  0.124E+00  0.113E+00  0.284E-02  0.784E-02
 -5.065  0.125E+00  0.114E+00  0.282E-02  0.767E-02
 -5.045  0.126E+00  0.116E+00  0.280E-02  0.749E-02
 -5.025  0.127E+00  0.117E+00  0.277E-02  0.729E-02
 -5.005  0.128E+00  0.118E+00  0.273E-02  0.710E-02
 -4.985  0.129E+00  0.120E+00  0.270E-02  0.690E-02
 -4.965  0.130E+00  0.121E+00  0.267E-02  0.672E-02
 -4.945  0.132E+00  0.123E+00  0.265E-02  0.654E-02
 -4.925  0.133E+00  0.124E+00  0.264E-02  0.638E-02
 -4.905  0.135E+00  0.126E+00  0.265E-02  0.624E-02
 -4.885  0.136E+00  0.128E+00  0.267E-02  0.611E-02
 -4.865  0.137E+00  0.129E+00  0.270E-02  0.600E-02
 -4.845  0.138E+00  0.130E+00  0.274E-02  0.589E-02
 -4.825  0.138E+00  0.130E+00  0.279E-02  0.579E-02
 -4.805  0.138E+00  0.130E+00  0.284E-02  0.569E-02
 -4.785  0.137E+00  0.128E+00  0.289E-02  0.558E-02
 -4.765  0.135E+00  0.126E+00  0.293E-02  0.546E-02
 -4.745  0.131E+00  0.123E+00  0.295E-02  0.532E-02
 -4.725  0.127E+00  0.119E+00  0.296E-02  0.514E-02
 -4.705  0.122E+00  0.114E+00  0.294E-02  0.494E-02
 -4.685  0.116E+00  0.108E+00  0.289E-02  0.471E-02
 -4.665  0.108E+00  0.101E+00  0.281E-02  0.444E-02
 -4.645  0.100E+00  0.934E-01  0.271E-02  0.414E-02
 -4.625  0.915E-01  0.851E-01  0.257E-02  0.381E-02
 -4.605  0.823E-01  0.764E-01  0.240E-02  0.346E-02
 -4.585  0.729E-01  0.675E-01  0.222E-02  0.310E-02
 -4.565  0.634E-01  0.586E-01  0.201E-02  0.273E-02
 -4.545  0.540E-01  0.499E-01  0.179E-02  0.236E-02
 -4.525  0.451E-01  0.415E-01  0.157E-02  0.200E-02
 -4.505  0.366E-01  0.336E-01  0.134E-02  0.165E-02
 -4.485  0.289E-01  0.264E-01  0.112E-02  0.133E-02
 -4.465  0.219E-01  0.199E-01  0.909E-03  0.103E-02
 -4.445  0.157E-01  0.142E-01  0.713E-03  0.763E-03
 -4.425  0.104E-01  0.934E-02  0.536E-03  0.531E-03
 -4.405  0.598E-02  0.527E-02  0.379E-03  0.332E-03
 -4.385  0.240E-02  0.199E-02  0.245E-03  0.168E-03
 -4.365 -0.394E-03 -0.564E-03  0.133E-03  0.373E-04
 -4.345 -0.248E-02 -0.246E-02  0.431E-04 -0.632E-04
 -4.325 -0.394E-02 -0.377E-02 -0.263E-04 -0.136E-03
 -4.305 -0.486E-02 -0.460E-02 -0.771E-04 -0.186E-03
 -4.285 -0.535E-02 -0.502E-02 -0.112E-03 -0.215E-03
 -4.265 -0.549E-02 -0.513E-02 -0.132E-03 -0.227E-03
 -4.245 -0.537E-02 -0.500E-02 -0.142E-03 -0.227E-03
 -4.225 -0.506E-02 -0.470E-02 -0.143E-03 -0.218E-03
 -4.205 -0.463E-02 -0.429E-02 -0.137E-03 -0.202E-03
 -4.185 -0.412E-02 -0.381E-02 -0.128E-03 -0.183E-03
 -4.165 -0.360E-02 -0.332E-02 -0.115E-03 -0.161E-03
 -4.145 -0.307E-02 -0.283E-02 -0.101E-03 -0.139E-03
 -4.125 -0.258E-02 -0.237E-02 -0.868E-04 -0.117E-03
 -4.105 -0.213E-02 -0.196E-02 -0.731E-04 -0.974E-04
 -4.085 -0.173E-02 -0.159E-02 -0.604E-04 -0.796E-04
 -4.065 -0.138E-02 -0.127E-02 -0.490E-04 -0.640E-04
 -4.045 -0.109E-02 -0.995E-03 -0.392E-04 -0.506E-04
 -4.025 -0.842E-03 -0.772E-03 -0.308E-04 -0.395E-04
 -4.005 -0.645E-03 -0.590E-03 -0.239E-04 -0.304E-04
 -3.985 -0.487E-03 -0.446E-03 -0.182E-04 -0.230E-04
 -3.965 -0.363E-03 -0.332E-03 -0.137E-04 -0.172E-04
 -3.945 -0.267E-03 -0.244E-03 -0.102E-04 -0.127E-04
 -3.925 -0.194E-03 -0.178E-03 -0.747E-05 -0.928E-05
 -3.905 -0.140E-03 -0.128E-03 -0.541E-05 -0.669E-05
 -3.885 -0.100E-03 -0.916E-04 -0.390E-05 -0.478E-05
 -3.865 -0.720E-04 -0.658E-04 -0.280E-05 -0.339E-05
 -3.845 -0.529E-04 -0.484E-04 -0.205E-05 -0.242E-05
 -3.825 -0.414E-04 -0.381E-04 -0.158E-05 -0.177E-05
 -3.805 -0.368E-04 -0.340E-04 -0.135E-05 -0.138E-05
 -3.785 -0.389E-04 -0.363E-04 -0.137E-05 -0.123E-05
 -3.765 -0.490E-04 -0.460E-04 -0.165E-05 -0.131E-05
 -3.745 -0.691E-04 -0.652E-04 -0.228E-05 -0.164E-05
 -3.725 -0.103E-03 -0.976E-04 -0.336E-05 -0.231E-05
 -3.705 -0.157E-03 -0.149E-03 -0.509E-05 -0.341E-05
 -3.685 -0.240E-03 -0.227E-03 -0.774E-05 -0.514E-05
 -3.665 -0.363E-03 -0.344E-03 -0.117E-04 -0.775E-05
 -3.645 -0.545E-03 -0.516E-03 -0.175E-04 -0.116E-04
 -3.625 -0.808E-03 -0.764E-03 -0.260E-04 -0.172E-04
 -3.605 -0.118E-02 -0.112E-02 -0.381E-04 -0.251E-04
 -3.585 -0.171E-02 -0.162E-02 -0.550E-04 -0.363E-04
 -3.565 -0.244E-02 -0.231E-02 -0.785E-04 -0.518E-04
 -3.545 -0.343E-02 -0.325E-02 -0.111E-03 -0.730E-04
 -3.525 -0.477E-02 -0.451E-02 -0.154E-03 -0.101E-03
 -3.505 -0.653E-02 -0.618E-02 -0.210E-03 -0.139E-03
 -3.485 -0.883E-02 -0.835E-02 -0.284E-03 -0.188E-03
 -3.465 -0.118E-01 -0.111E-01 -0.378E-03 -0.250E-03
 -3.445 -0.154E-01 -0.146E-01 -0.497E-03 -0.328E-03
 -3.425 -0.199E-01 -0.189E-01 -0.641E-03 -0.424E-03
 -3.405 -0.253E-01 -0.240E-01 -0.816E-03 -0.539E-03
 -3.385 -0.317E-01 -0.300E-01 -0.102E-02 -0.674E-03
 -3.365 -0.389E-01 -0.368E-01 -0.125E-02 -0.828E-03
 -3.345 -0.469E-01 -0.444E-01 -0.151E-02 -0.998E-03
 -3.325 -0.555E-01 -0.525E-01 -0.179E-02 -0.118E-02
 -3.305 -0.641E-01 -0.607E-01 -0.206E-02 -0.136E-02
 -3.285 -0.723E-01 -0.684E-01 -0.233E-02 -0.154E-02
 -3.265 -0.791E-01 -0.749E-01 -0.255E-02 -0.168E-02
 -3.245 -0.837E-01 -0.792E-01 -0.269E-02 -0.178E-02
 -3.225 -0.847E-01 -0.802E-01 -0.273E-02 -0.180E-02
 -3.205 -0.808E-01 -0.764E-01 -0.260E-02 -0.172E-02
 -3.185 -0.702E-01 -0.665E-01 -0.226E-02 -0.149E-02
 -3.165 -0.514E-01 -0.486E-01 -0.165E-02 -0.109E-02
 -3.145 -0.226E-01 -0.214E-01 -0.726E-03 -0.480E-03
 -3.125  0.178E-01  0.169E-01  0.575E-03  0.379E-03
 -3.105  0.712E-01  0.674E-01  0.229E-02  0.151E-02
 -3.085  0.138E+00  0.131E+00  0.446E-02  0.294E-02
 -3.065  0.220E+00  0.208E+00  0.709E-02  0.468E-02
 -3.045  0.316E+00  0.299E+00  0.102E-01  0.672E-02
 -3.025  0.425E+00  0.402E+00  0.137E-01  0.904E-02
 -3.005  0.545E+00  0.516E+00  0.176E-01  0.116E-01
 -2.985  0.675E+00  0.639E+00  0.217E-01  0.143E-01
 -2.965  0.809E+00  0.766E+00  0.261E-01  0.172E-01
 -2.945  0.945E+00  0.895E+00  0.304E-01  0.201E-01
 -2.925  0.108E+01  0.102E+01  0.347E-01  0.229E-01
 -2.905  0.120E+01  0.114E+01  0.387E-01  0.256E-01
 -2.885  0.131E+01  0.124E+01  0.423E-01  0.279E-01
 -2.865  0.141E+01  0.133E+01  0.453E-01  0.299E-01
 -2.845  0.148E+01  0.140E+01  0.477E-01  0.315E-01
 -2.825  0.153E+01  0.145E+01  0.492E-01  0.325E-01
 -2.805  0.155E+01  0.147E+01  0.499E-01  0.329E-01
 -2.785  0.154E+01  0.146E+01  0.497E-01  0.328E-01
 -2.765  0.151E+01  0.143E+01  0.486E-01  0.321E-01
 -2.745  0.145E+01  0.137E+01  0.466E-01  0.308E-01
 -2.725  0.136E+01  0.129E+01  0.439E-01  0.290E-01
 -2.705  0.126E+01  0.119E+01  0.406E-01  0.268E-01
 -2.685  0.114E+01  0.108E+01  0.368E-01  0.242E-01
 -2.665  0.101E+01  0.958E+00  0.326E-01  0.215E-01
 -2.645  0.877E+00  0.830E+00  0.282E-01  0.186E-01
 -2.625  0.741E+00  0.701E+00  0.238E-01  0.157E-01
 -2.605  0.607E+00  0.575E+00  0.196E-01  0.128E-01
 -2.585  0.481E+00  0.456E+00  0.155E-01  0.101E-01
 -2.565  0.365E+00  0.346E+00  0.118E-01  0.762E-02
 -2.545  0.262E+00  0.248E+00  0.842E-02  0.539E-02
 -2.525  0.172E+00  0.163E+00  0.553E-02  0.346E-02
 -2.505  0.966E-01  0.917E-01  0.310E-02  0.184E-02
 -2.485  0.357E-01  0.341E-01  0.113E-02  0.537E-03
 -2.465 -0.113E-01 -0.105E-01 -0.387E-03 -0.465E-03
 -2.445 -0.456E-01 -0.429E-01 -0.150E-02 -0.118E-02
 -2.425 -0.685E-01 -0.646E-01 -0.224E-02 -0.164E-02
 -2.405 -0.815E-01 -0.769E-01 -0.267E-02 -0.187E-02
 -2.385 -0.862E-01 -0.815E-01 -0.284E-02 -0.189E-02
 -2.365 -0.842E-01 -0.796E-01 -0.279E-02 -0.175E-02
 -2.345 -0.768E-01 -0.727E-01 -0.257E-02 -0.145E-02
 -2.325 -0.653E-01 -0.620E-01 -0.222E-02 -0.104E-02
 -2.305 -0.508E-01 -0.485E-01 -0.177E-02 -0.526E-03
 -2.285 -0.343E-01 -0.331E-01 -0.126E-02  0.668E-04
 -2.265 -0.163E-01 -0.164E-01 -0.699E-03  0.723E-03
 -2.245  0.237E-02  0.106E-02 -0.114E-03  0.143E-02
 -2.225  0.214E-01  0.187E-01  0.485E-03  0.216E-02
 -2.205  0.403E-01  0.363E-01  0.109E-02  0.291E-02
 -2.185  0.589E-01  0.536E-01  0.169E-02  0.367E-02
 -2.165  0.769E-01  0.702E-01  0.229E-02  0.441E-02
 -2.145  0.941E-01  0.861E-01  0.287E-02  0.513E-02
 -2.125  0.110E+00  0.101E+00  0.345E-02  0.581E-02
 -2.105  0.125E+00  0.115E+00  0.401E-02  0.644E-02
 -2.085  0.139E+00  0.127E+00  0.456E-02  0.701E-02
 -2.065  0.151E+00  0.139E+00  0.510E-02  0.750E-02
 -2.045  0.162E+00  0.149E+00  0.563E-02  0.792E-02
 -2.025  0.172E+00  0.157E+00  0.614E-02  0.826E-02
 -2.005  0.180E+00  0.165E+00  0.665E-02  0.853E-02
 -1.985  0.187E+00  0.171E+00  0.714E-02  0.871E-02
 -1.965  0.192E+00  0.175E+00  0.762E-02  0.882E-02
 -1.945  0.196E+00  0.179E+00  0.809E-02  0.887E-02
 -1.925  0.199E+00  0.182E+00  0.853E-02  0.887E-02
 -1.905  0.201E+00  0.183E+00  0.895E-02  0.882E-02
 -1.885  0.202E+00  0.183E+00  0.933E-02  0.873E-02
 -1.865  0.201E+00  0.183E+00  0.967E-02  0.861E-02
 -1.845  0.200E+00  0.182E+00  0.995E-02  0.848E-02
 -1.825  0.198E+00  0.180E+00  0.102E-01  0.833E-02
 -1.805  0.195E+00  0.177E+00  0.103E-01  0.817E-02
 -1.785  0.191E+00  0.173E+00  0.104E-01  0.800E-02
 -1.765  0.186E+00  0.168E+00  0.104E-01  0.783E-02
 -1.745  0.181E+00  0.163E+00  0.103E-01  0.766E-02
 -1.725  0.174E+00  0.156E+00  0.101E-01  0.748E-02
 -1.705  0.167E+00  0.150E+00  0.982E-02  0.730E-02
 -1.685  0.159E+00  0.143E+00  0.949E-02  0.711E-02
 -1.665  0.151E+00  0.135E+00  0.909E-02  0.692E-02
 -1.645  0.143E+00  0.127E+00  0.866E-02  0.673E-02
 -1.625  0.134E+00  0.120E+00  0.821E-02  0.654E-02
 -1.605  0.126E+00  0.112E+00  0.776E-02  0.635E-02
 -1.585  0.119E+00  0.105E+00  0.733E-02  0.616E-02
 -1.565  0.112E+00  0.988E-01  0.694E-02  0.599E-02
 -1.545  0.106E+00  0.933E-01  0.661E-02  0.583E-02
 -1.525  0.101E+00  0.887E-01  0.635E-02  0.568E-02
 -1.505  0.969E-01  0.852E-01  0.617E-02  0.555E-02
 -1.485  0.944E-01  0.828E-01  0.608E-02  0.544E-02
 -1.465  0.930E-01  0.816E-01  0.607E-02  0.535E-02
 -1.445  0.928E-01  0.814E-01  0.614E-02  0.528E-02
 -1.425  0.937E-01  0.822E-01  0.628E-02  0.522E-02
 -1.405  0.955E-01  0.838E-01  0.649E-02  0.518E-02
 -1.385  0.980E-01  0.862E-01  0.674E-02  0.514E-02
 -1.365  0.101E+00  0.891E-01  0.703E-02  0.511E-02
 -1.345  0.105E+00  0.925E-01  0.733E-02  0.507E-02
 -1.325  0.109E+00  0.961E-01  0.763E-02  0.504E-02
 -1.305  0.113E+00  0.998E-01  0.793E-02  0.501E-02
 -1.285  0.117E+00  0.103E+00  0.820E-02  0.497E-02
 -1.265  0.120E+00  0.107E+00  0.843E-02  0.493E-02
 -1.245  0.124E+00  0.110E+00  0.863E-02  0.488E-02
 -1.225  0.127E+00  0.114E+00  0.878E-02  0.484E-02
 -1.205  0.130E+00  0.116E+00  0.889E-02  0.480E-02
 -1.185  0.132E+00  0.119E+00  0.895E-02  0.476E-02
 -1.165  0.134E+00  0.121E+00  0.897E-02  0.473E-02
 -1.145  0.136E+00  0.122E+00  0.895E-02  0.472E-02
 -1.125  0.137E+00  0.124E+00  0.889E-02  0.472E-02
 -1.105  0.138E+00  0.124E+00  0.879E-02  0.474E-02
 -1.085  0.138E+00  0.125E+00  0.866E-02  0.478E-02
 -1.065  0.138E+00  0.124E+00  0.850E-02  0.484E-02
 -1.045  0.137E+00  0.124E+00  0.832E-02  0.493E-02
 -1.025  0.136E+00  0.123E+00  0.811E-02  0.503E-02
 -1.005  0.135E+00  0.122E+00  0.789E-02  0.515E-02
 -0.985  0.133E+00  0.120E+00  0.766E-02  0.530E-02
 -0.965  0.131E+00  0.118E+00  0.741E-02  0.545E-02
 -0.945  0.129E+00  0.116E+00  0.716E-02  0.562E-02
 -0.925  0.127E+00  0.114E+00  0.690E-02  0.580E-02
 -0.905  0.125E+00  0.112E+00  0.664E-02  0.598E-02
 -0.885  0.122E+00  0.110E+00  0.639E-02  0.617E-02
 -0.865  0.120E+00  0.108E+00  0.614E-02  0.637E-02
 -0.845  0.118E+00  0.106E+00  0.590E-02  0.656E-02
 -0.825  0.117E+00  0.104E+00  0.567E-02  0.675E-02
 -0.805  0.116E+00  0.103E+00  0.545E-02  0.695E-02
 -0.785  0.115E+00  0.103E+00  0.525E-02  0.714E-02
 -0.765  0.115E+00  0.102E+00  0.507E-02  0.732E-02
 -0.745  0.115E+00  0.102E+00  0.491E-02  0.750E-02
 -0.725  0.115E+00  0.103E+00  0.476E-02  0.767E-02
 -0.705  0.116E+00  0.104E+00  0.463E-02  0.783E-02
 -0.685  0.118E+00  0.105E+00  0.452E-02  0.798E-02
 -0.665  0.120E+00  0.107E+00  0.443E-02  0.810E-02
 -0.645  0.122E+00  0.109E+00  0.434E-02  0.821E-02
 -0.625  0.124E+00  0.112E+00  0.427E-02  0.828E-02
 -0.605  0.127E+00  0.114E+00  0.420E-02  0.831E-02
 -0.585  0.130E+00  0.117E+00  0.415E-02  0.831E-02
 -0.565  0.132E+00  0.120E+00  0.409E-02  0.826E-02
 -0.545  0.135E+00  0.123E+00  0.405E-02  0.817E-02
 -0.525  0.138E+00  0.126E+00  0.401E-02  0.802E-02
 -0.505  0.140E+00  0.129E+00  0.398E-02  0.783E-02
 -0.485  0.143E+00  0.131E+00  0.397E-02  0.758E-02
 -0.465  0.144E+00  0.133E+00  0.398E-02  0.729E-02
 -0.445  0.146E+00  0.135E+00  0.402E-02  0.695E-02
 -0.425  0.147E+00  0.136E+00  0.410E-02  0.659E-02
 -0.405  0.147E+00  0.136E+00  0.423E-02  0.620E-02
 -0.385  0.147E+00  0.136E+00  0.441E-02  0.582E-02
 -0.365  0.146E+00  0.136E+00  0.466E-02  0.544E-02
 -0.345  0.144E+00  0.134E+00  0.499E-02  0.510E-02
 -0.325  0.142E+00  0.132E+00  0.540E-02  0.481E-02
 -0.305  0.140E+00  0.129E+00  0.588E-02  0.461E-02
 -0.285  0.137E+00  0.126E+00  0.645E-02  0.451E-02
 -0.265  0.133E+00  0.122E+00  0.708E-02  0.455E-02
 -0.245  0.130E+00  0.117E+00  0.778E-02  0.475E-02
 -0.225  0.126E+00  0.112E+00  0.852E-02  0.513E-02
 -0.205  0.122E+00  0.107E+00  0.928E-02  0.573E-02
 -0.185  0.118E+00  0.101E+00  0.100E-01  0.655E-02
 -0.165  0.114E+00  0.959E-01  0.108E-01  0.761E-02
 -0.145  0.111E+00  0.904E-01  0.114E-01  0.892E-02
 -0.125  0.108E+00  0.851E-01  0.120E-01  0.105E-01
 -0.105  0.105E+00  0.800E-01  0.125E-01  0.123E-01
 -0.085  0.103E+00  0.753E-01  0.129E-01  0.143E-01
 -0.065  0.101E+00  0.711E-01  0.131E-01  0.165E-01
 -0.045  0.993E-01  0.673E-01  0.132E-01  0.188E-01
 -0.025  0.984E-01  0.640E-01  0.131E-01  0.212E-01
 -0.005  0.978E-01  0.612E-01  0.129E-01  0.237E-01
  0.015  0.977E-01  0.590E-01  0.126E-01  0.261E-01
  0.035  0.978E-01  0.573E-01  0.121E-01  0.284E-01
  0.055  0.983E-01  0.561E-01  0.115E-01  0.306E-01
  0.075  0.990E-01  0.555E-01  0.109E-01  0.326E-01
  0.095  0.100E+00  0.555E-01  0.102E-01  0.343E-01
  0.115  0.101E+00  0.561E-01  0.947E-02  0.357E-01
  0.135  0.103E+00  0.574E-01  0.878E-02  0.369E-01
  0.155  0.105E+00  0.593E-01  0.814E-02  0.377E-01
  0.175  0.108E+00  0.621E-01  0.758E-02  0.382E-01
  0.195  0.111E+00  0.657E-01  0.710E-02  0.385E-01
  0.215  0.116E+00  0.704E-01  0.673E-02  0.386E-01
  0.235  0.121E+00  0.761E-01  0.648E-02  0.386E-01
  0.255  0.128E+00  0.830E-01  0.636E-02  0.386E-01
  0.275  0.136E+00  0.911E-01  0.636E-02  0.386E-01
  0.295  0.146E+00  0.100E+00  0.648E-02  0.387E-01
  0.315  0.156E+00  0.111E+00  0.672E-02  0.391E-01
  0.335  0.169E+00  0.122E+00  0.705E-02  0.396E-01
  0.355  0.182E+00  0.134E+00  0.747E-02  0.404E-01
  0.375  0.196E+00  0.147E+00  0.794E-02  0.414E-01
  0.395  0.211E+00  0.160E+00  0.845E-02  0.426E-01
  0.415  0.226E+00  0.173E+00  0.897E-02  0.440E-01
  0.435  0.240E+00  0.185E+00  0.948E-02  0.455E-01
  0.455  0.253E+00  0.196E+00  0.994E-02  0.469E-01
  0.475  0.265E+00  0.206E+00  0.103E-01  0.482E-01
  0.495  0.274E+00  0.214E+00  0.107E-01  0.493E-01
  0.515  0.280E+00  0.219E+00  0.109E-01  0.500E-01
  0.535  0.283E+00  0.222E+00  0.110E-01  0.503E-01
  0.555  0.283E+00  0.222E+00  0.110E-01  0.501E-01
  0.575  0.279E+00  0.219E+00  0.108E-01  0.493E-01
  0.595  0.271E+00  0.213E+00  0.105E-01  0.478E-01
  0.615  0.260E+00  0.204E+00  0.101E-01  0.458E-01
  0.635  0.246E+00  0.193E+00  0.958E-02  0.432E-01
  0.655  0.228E+00  0.179E+00  0.895E-02  0.402E-01
  0.675  0.209E+00  0.164E+00  0.823E-02  0.367E-01
  0.695  0.188E+00  0.147E+00  0.746E-02  0.329E-01
  0.715  0.166E+00  0.130E+00  0.665E-02  0.290E-01
  0.735  0.143E+00  0.112E+00  0.582E-02  0.249E-01
  0.755  0.121E+00  0.951E-01  0.499E-02  0.210E-01
  0.775  0.997E-01  0.784E-01  0.419E-02  0.172E-01
  0.795  0.797E-01  0.627E-01  0.343E-02  0.136E-01
  0.815  0.615E-01  0.484E-01  0.272E-02  0.103E-01
  0.835  0.452E-01  0.356E-01  0.209E-02  0.744E-02
  0.855  0.310E-01  0.246E-01  0.152E-02  0.495E-02
  0.875  0.191E-01  0.152E-01  0.104E-02  0.286E-02
  0.895  0.934E-02  0.754E-02  0.631E-03  0.117E-02
  0.915  0.164E-02  0.149E-02  0.300E-03 -0.149E-03
  0.935 -0.417E-02 -0.309E-02  0.387E-04 -0.112E-02
  0.955 -0.831E-02 -0.635E-02 -0.158E-03 -0.180E-02
  0.975 -0.110E-01 -0.849E-02 -0.298E-03 -0.222E-02
  0.995 -0.125E-01 -0.970E-02 -0.389E-03 -0.243E-02
  1.015 -0.131E-01 -0.102E-01 -0.440E-03 -0.248E-02
  1.035 -0.129E-01 -0.101E-01 -0.460E-03 -0.241E-02
  1.055 -0.123E-01 -0.957E-02 -0.455E-03 -0.225E-02
  1.075 -0.113E-01 -0.880E-02 -0.432E-03 -0.204E-02
  1.095 -0.101E-01 -0.788E-02 -0.398E-03 -0.181E-02
  1.115 -0.880E-02 -0.688E-02 -0.357E-03 -0.156E-02
  1.135 -0.752E-02 -0.589E-02 -0.313E-03 -0.132E-02
  1.155 -0.631E-02 -0.494E-02 -0.269E-03 -0.110E-02
  1.175 -0.520E-02 -0.407E-02 -0.227E-03 -0.894E-03
  1.195 -0.421E-02 -0.330E-02 -0.188E-03 -0.718E-03
  1.215 -0.336E-02 -0.264E-02 -0.153E-03 -0.567E-03
  1.235 -0.264E-02 -0.208E-02 -0.123E-03 -0.442E-03
  1.255 -0.205E-02 -0.161E-02 -0.976E-04 -0.339E-03
  1.275 -0.156E-02 -0.123E-02 -0.762E-04 -0.257E-03
  1.295 -0.118E-02 -0.928E-03 -0.587E-04 -0.192E-03
  1.315 -0.876E-03 -0.690E-03 -0.446E-04 -0.141E-03
  1.335 -0.644E-03 -0.507E-03 -0.334E-04 -0.103E-03
  1.355 -0.467E-03 -0.368E-03 -0.248E-04 -0.738E-04
  1.375 -0.334E-03 -0.264E-03 -0.181E-04 -0.524E-04
  1.395 -0.236E-03 -0.187E-03 -0.131E-04 -0.367E-04
  1.415 -0.165E-03 -0.131E-03 -0.934E-05 -0.254E-04
  1.435 -0.114E-03 -0.902E-04 -0.658E-05 -0.174E-04
  1.455 -0.779E-04 -0.616E-04 -0.459E-05 -0.117E-04
  1.475 -0.526E-04 -0.415E-04 -0.316E-05 -0.785E-05
  1.495 -0.350E-04 -0.277E-04 -0.215E-05 -0.518E-05
  1.515 -0.231E-04 -0.183E-04 -0.145E-05 -0.338E-05
  1.535 -0.150E-04 -0.119E-04 -0.961E-06 -0.218E-05
