# E (eV)   ldos(E)   pdos(E)    pdos(E)    pdos(E)   
-22.897 -0.273E-05 -0.100E-08 -0.599E-06 -0.213E-05
-22.877 -0.405E-05 -0.149E-08 -0.886E-06 -0.316E-05
-22.857 -0.592E-05 -0.221E-08 -0.129E-05 -0.463E-05
-22.837 -0.856E-05 -0.322E-08 -0.186E-05 -0.669E-05
-22.817 -0.122E-04 -0.463E-08 -0.265E-05 -0.956E-05
-22.797 -0.172E-04 -0.658E-08 -0.372E-05 -0.135E-04
-22.777 -0.239E-04 -0.924E-08 -0.516E-05 -0.188E-04
-22.757 -0.328E-04 -0.128E-07 -0.706E-05 -0.257E-04
-22.737 -0.444E-04 -0.175E-07 -0.951E-05 -0.349E-04
-22.717 -0.593E-04 -0.236E-07 -0.126E-04 -0.466E-04
-22.697 -0.779E-04 -0.315E-07 -0.166E-04 -0.614E-04
-22.677 -0.101E-03 -0.414E-07 -0.214E-04 -0.796E-04
-22.657 -0.129E-03 -0.536E-07 -0.271E-04 -0.102E-03
-22.637 -0.162E-03 -0.685E-07 -0.339E-04 -0.128E-03
-22.617 -0.200E-03 -0.863E-07 -0.417E-04 -0.159E-03
-22.597 -0.243E-03 -0.107E-06 -0.502E-04 -0.193E-03
-22.577 -0.290E-03 -0.131E-06 -0.594E-04 -0.231E-03
-22.557 -0.340E-03 -0.158E-06 -0.687E-04 -0.271E-03
-22.537 -0.388E-03 -0.187E-06 -0.775E-04 -0.311E-03
-22.517 -0.434E-03 -0.218E-06 -0.851E-04 -0.348E-03
-22.497 -0.471E-03 -0.250E-06 -0.904E-04 -0.380E-03
-22.477 -0.495E-03 -0.282E-06 -0.920E-04 -0.402E-03
-22.457 -0.499E-03 -0.311E-06 -0.884E-04 -0.410E-03
-22.437 -0.475E-03 -0.338E-06 -0.781E-04 -0.397E-03
-22.417 -0.417E-03 -0.360E-06 -0.591E-04 -0.358E-03
-22.397 -0.317E-03 -0.374E-06 -0.297E-04 -0.287E-03
-22.377 -0.166E-03 -0.380E-06  0.119E-04 -0.178E-03
-22.357  0.406E-04 -0.377E-06  0.671E-04 -0.261E-04
-22.337  0.309E-03 -0.362E-06  0.137E-03  0.172E-03
-22.317  0.642E-03 -0.336E-06  0.222E-03  0.420E-03
-22.297  0.104E-02 -0.298E-06  0.323E-03  0.717E-03
-22.277  0.150E-02 -0.247E-06  0.438E-03  0.106E-02
-22.257  0.202E-02 -0.184E-06  0.566E-03  0.145E-02
-22.237  0.258E-02 -0.105E-06  0.703E-03  0.188E-02
-22.217  0.318E-02 -0.106E-07  0.848E-03  0.234E-02
-22.197  0.381E-02  0.105E-06  0.995E-03  0.281E-02
-22.177  0.445E-02  0.249E-06  0.114E-02  0.331E-02
-22.157  0.508E-02  0.432E-06  0.128E-02  0.380E-02
-22.137  0.570E-02  0.666E-06  0.140E-02  0.430E-02
-22.117  0.630E-02  0.972E-06  0.151E-02  0.479E-02
-22.097  0.688E-02  0.137E-05  0.159E-02  0.528E-02
-22.077  0.742E-02  0.189E-05  0.166E-02  0.577E-02
-22.057  0.795E-02  0.256E-05  0.169E-02  0.626E-02
-22.037  0.847E-02  0.342E-05  0.169E-02  0.677E-02
-22.017  0.900E-02  0.448E-05  0.167E-02  0.732E-02
-21.997  0.955E-02  0.580E-05  0.162E-02  0.792E-02
-21.977  0.102E-01  0.739E-05  0.155E-02  0.860E-02
-21.957  0.108E-01  0.927E-05  0.145E-02  0.936E-02
-21.937  0.116E-01  0.115E-04  0.134E-02  0.102E-01
-21.917  0.124E-01  0.140E-04  0.122E-02  0.112E-01
-21.897  0.134E-01  0.168E-04  0.110E-02  0.123E-01
-21.877  0.145E-01  0.198E-04  0.977E-03  0.135E-01
-21.857  0.157E-01  0.231E-04  0.861E-03  0.148E-01
-21.837  0.170E-01  0.267E-04  0.755E-03  0.162E-01
-21.817  0.184E-01  0.303E-04  0.663E-03  0.177E-01
-21.797  0.198E-01  0.340E-04  0.587E-03  0.192E-01
-21.777  0.213E-01  0.378E-04  0.529E-03  0.207E-01
-21.757  0.227E-01  0.414E-04  0.489E-03  0.222E-01
-21.737  0.241E-01  0.449E-04  0.467E-03  0.236E-01
-21.717  0.254E-01  0.482E-04  0.460E-03  0.249E-01
-21.697  0.265E-01  0.513E-04  0.467E-03  0.260E-01
-21.677  0.275E-01  0.540E-04  0.485E-03  0.270E-01
-21.657  0.284E-01  0.563E-04  0.511E-03  0.278E-01
-21.637  0.290E-01  0.581E-04  0.542E-03  0.284E-01
-21.617  0.295E-01  0.596E-04  0.574E-03  0.289E-01
-21.597  0.298E-01  0.606E-04  0.604E-03  0.291E-01
-21.577  0.299E-01  0.611E-04  0.630E-03  0.292E-01
-21.557  0.298E-01  0.612E-04  0.647E-03  0.291E-01
-21.537  0.297E-01  0.609E-04  0.655E-03  0.289E-01
-21.517  0.294E-01  0.602E-04  0.649E-03  0.287E-01
-21.497  0.290E-01  0.592E-04  0.627E-03  0.283E-01
-21.477  0.285E-01  0.578E-04  0.587E-03  0.279E-01
-21.457  0.280E-01  0.562E-04  0.527E-03  0.274E-01
-21.437  0.275E-01  0.545E-04  0.443E-03  0.270E-01
-21.417  0.270E-01  0.525E-04  0.332E-03  0.266E-01
-21.397  0.264E-01  0.505E-04  0.193E-03  0.262E-01
-21.377  0.259E-01  0.484E-04  0.203E-04  0.259E-01
-21.357  0.255E-01  0.463E-04 -0.187E-03  0.256E-01
-21.337  0.250E-01  0.442E-04 -0.431E-03  0.254E-01
-21.317  0.246E-01  0.423E-04 -0.711E-03  0.252E-01
-21.297  0.242E-01  0.407E-04 -0.103E-02  0.252E-01
-21.277  0.238E-01  0.394E-04 -0.137E-02  0.251E-01
-21.257  0.234E-01  0.386E-04 -0.173E-02  0.251E-01
-21.237  0.231E-01  0.386E-04 -0.208E-02  0.252E-01
-21.217  0.229E-01  0.397E-04 -0.241E-02  0.252E-01
-21.197  0.227E-01  0.422E-04 -0.266E-02  0.253E-01
-21.177  0.226E-01  0.466E-04 -0.280E-02  0.254E-01
-21.157  0.228E-01  0.535E-04 -0.275E-02  0.254E-01
-21.137  0.231E-01  0.635E-04 -0.244E-02  0.255E-01
-21.117  0.238E-01  0.774E-04 -0.177E-02  0.255E-01
-21.097  0.248E-01  0.961E-04 -0.640E-03  0.254E-01
-21.077  0.264E-01  0.120E-03  0.107E-02  0.253E-01
-21.057  0.287E-01  0.151E-03  0.348E-02  0.250E-01
-21.037  0.316E-01  0.190E-03  0.671E-02  0.247E-01
-21.017  0.355E-01  0.236E-03  0.109E-01  0.244E-01
-20.997  0.403E-01  0.291E-03  0.161E-01  0.239E-01
-20.977  0.460E-01  0.355E-03  0.223E-01  0.233E-01
-20.957  0.529E-01  0.428E-03  0.298E-01  0.227E-01
-20.937  0.608E-01  0.510E-03  0.383E-01  0.220E-01
-20.917  0.696E-01  0.599E-03  0.478E-01  0.212E-01
-20.897  0.793E-01  0.694E-03  0.583E-01  0.203E-01
-20.877  0.897E-01  0.794E-03  0.695E-01  0.195E-01
-20.857  0.101E+00  0.895E-03  0.811E-01  0.186E-01
-20.837  0.112E+00  0.996E-03  0.929E-01  0.178E-01
-20.817  0.123E+00  0.109E-02  0.104E+00  0.170E-01
-20.797  0.133E+00  0.118E-02  0.115E+00  0.164E-01
-20.777  0.143E+00  0.126E-02  0.126E+00  0.159E-01
-20.757  0.151E+00  0.132E-02  0.134E+00  0.156E-01
-20.737  0.158E+00  0.137E-02  0.141E+00  0.155E-01
-20.717  0.163E+00  0.140E-02  0.146E+00  0.156E-01
-20.697  0.167E+00  0.141E-02  0.149E+00  0.160E-01
-20.677  0.168E+00  0.140E-02  0.150E+00  0.167E-01
-20.657  0.167E+00  0.136E-02  0.148E+00  0.176E-01
-20.637  0.165E+00  0.131E-02  0.144E+00  0.188E-01
-20.617  0.160E+00  0.124E-02  0.139E+00  0.202E-01
-20.597  0.154E+00  0.116E-02  0.131E+00  0.219E-01
-20.577  0.146E+00  0.106E-02  0.122E+00  0.237E-01
-20.557  0.138E+00  0.952E-03  0.112E+00  0.256E-01
-20.537  0.129E+00  0.841E-03  0.101E+00  0.276E-01
-20.517  0.120E+00  0.729E-03  0.896E-01  0.297E-01
-20.497  0.111E+00  0.620E-03  0.787E-01  0.316E-01
-20.477  0.102E+00  0.517E-03  0.681E-01  0.335E-01
-20.457  0.941E-01  0.423E-03  0.584E-01  0.353E-01
-20.437  0.868E-01  0.339E-03  0.497E-01  0.368E-01
-20.417  0.805E-01  0.268E-03  0.420E-01  0.382E-01
-20.397  0.751E-01  0.210E-03  0.357E-01  0.393E-01
-20.377  0.708E-01  0.164E-03  0.305E-01  0.401E-01
-20.357  0.673E-01  0.132E-03  0.265E-01  0.407E-01
-20.337  0.648E-01  0.111E-03  0.237E-01  0.410E-01
-20.317  0.629E-01  0.998E-04  0.217E-01  0.411E-01
-20.297  0.617E-01  0.976E-04  0.206E-01  0.410E-01
-20.277  0.610E-01  0.102E-03  0.202E-01  0.407E-01
-20.257  0.606E-01  0.112E-03  0.202E-01  0.403E-01
-20.237  0.605E-01  0.125E-03  0.206E-01  0.398E-01
-20.217  0.605E-01  0.140E-03  0.211E-01  0.392E-01
-20.197  0.606E-01  0.155E-03  0.218E-01  0.386E-01
-20.177  0.607E-01  0.169E-03  0.225E-01  0.380E-01
-20.157  0.608E-01  0.181E-03  0.232E-01  0.374E-01
-20.137  0.608E-01  0.192E-03  0.238E-01  0.368E-01
-20.117  0.609E-01  0.200E-03  0.244E-01  0.363E-01
-20.097  0.609E-01  0.205E-03  0.249E-01  0.358E-01
-20.077  0.609E-01  0.208E-03  0.253E-01  0.354E-01
-20.057  0.610E-01  0.208E-03  0.257E-01  0.351E-01
-20.037  0.612E-01  0.207E-03  0.262E-01  0.348E-01
-20.017  0.614E-01  0.205E-03  0.266E-01  0.346E-01
-19.997  0.616E-01  0.202E-03  0.270E-01  0.344E-01
-19.977  0.620E-01  0.198E-03  0.275E-01  0.343E-01
-19.957  0.624E-01  0.195E-03  0.279E-01  0.342E-01
-19.937  0.628E-01  0.192E-03  0.284E-01  0.342E-01
-19.917  0.632E-01  0.191E-03  0.288E-01  0.342E-01
-19.897  0.636E-01  0.190E-03  0.291E-01  0.342E-01
-19.877  0.639E-01  0.191E-03  0.294E-01  0.343E-01
-19.857  0.641E-01  0.194E-03  0.295E-01  0.343E-01
-19.837  0.641E-01  0.197E-03  0.295E-01  0.344E-01
-19.817  0.641E-01  0.201E-03  0.293E-01  0.345E-01
-19.797  0.638E-01  0.206E-03  0.290E-01  0.346E-01
-19.777  0.633E-01  0.212E-03  0.284E-01  0.347E-01
-19.757  0.626E-01  0.218E-03  0.277E-01  0.347E-01
-19.737  0.617E-01  0.223E-03  0.268E-01  0.347E-01
-19.717  0.606E-01  0.228E-03  0.257E-01  0.347E-01
-19.697  0.593E-01  0.232E-03  0.244E-01  0.346E-01
-19.677  0.578E-01  0.234E-03  0.231E-01  0.345E-01
-19.657  0.561E-01  0.235E-03  0.216E-01  0.343E-01
-19.637  0.543E-01  0.234E-03  0.201E-01  0.340E-01
-19.617  0.523E-01  0.230E-03  0.185E-01  0.336E-01
-19.597  0.503E-01  0.225E-03  0.169E-01  0.332E-01
-19.577  0.482E-01  0.217E-03  0.152E-01  0.327E-01
-19.557  0.460E-01  0.208E-03  0.136E-01  0.322E-01
-19.537  0.438E-01  0.196E-03  0.121E-01  0.316E-01
-19.517  0.417E-01  0.182E-03  0.105E-01  0.309E-01
-19.497  0.395E-01  0.168E-03  0.905E-02  0.303E-01
-19.477  0.375E-01  0.151E-03  0.763E-02  0.297E-01
-19.457  0.355E-01  0.134E-03  0.628E-02  0.291E-01
-19.437  0.336E-01  0.117E-03  0.500E-02  0.285E-01
-19.417  0.319E-01  0.997E-04  0.381E-02  0.280E-01
-19.397  0.303E-01  0.827E-04  0.270E-02  0.275E-01
-19.377  0.289E-01  0.663E-04  0.169E-02  0.271E-01
-19.357  0.276E-01  0.511E-04  0.797E-03  0.268E-01
-19.337  0.266E-01  0.372E-04  0.302E-04  0.265E-01
-19.317  0.257E-01  0.249E-04 -0.585E-03  0.263E-01
-19.297  0.251E-01  0.144E-04 -0.102E-02  0.261E-01
-19.277  0.248E-01  0.591E-05 -0.124E-02  0.260E-01
-19.257  0.247E-01 -0.416E-06 -0.120E-02  0.259E-01
-19.237  0.249E-01 -0.448E-05 -0.862E-03  0.258E-01
-19.217  0.255E-01 -0.621E-05 -0.177E-03  0.257E-01
-19.197  0.264E-01 -0.553E-05  0.904E-03  0.255E-01
-19.177  0.278E-01 -0.243E-05  0.242E-02  0.254E-01
-19.157  0.296E-01  0.308E-05  0.442E-02  0.252E-01
-19.137  0.320E-01  0.110E-04  0.693E-02  0.250E-01
-19.117  0.348E-01  0.212E-04  0.996E-02  0.248E-01
-19.097  0.381E-01  0.335E-04  0.135E-01  0.245E-01
-19.077  0.418E-01  0.478E-04  0.175E-01  0.242E-01
-19.057  0.461E-01  0.639E-04  0.220E-01  0.240E-01
-19.037  0.507E-01  0.813E-04  0.269E-01  0.237E-01
-19.017  0.557E-01  0.997E-04  0.321E-01  0.235E-01
-18.997  0.610E-01  0.119E-03  0.374E-01  0.234E-01
-18.977  0.664E-01  0.138E-03  0.429E-01  0.233E-01
-18.957  0.718E-01  0.157E-03  0.482E-01  0.234E-01
-18.937  0.772E-01  0.175E-03  0.534E-01  0.236E-01
-18.917  0.824E-01  0.191E-03  0.583E-01  0.240E-01
-18.897  0.874E-01  0.206E-03  0.627E-01  0.245E-01
-18.877  0.920E-01  0.219E-03  0.666E-01  0.252E-01
-18.857  0.961E-01  0.229E-03  0.698E-01  0.261E-01
-18.837  0.997E-01  0.236E-03  0.724E-01  0.271E-01
-18.817  0.103E+00  0.241E-03  0.742E-01  0.283E-01
-18.797  0.105E+00  0.244E-03  0.753E-01  0.297E-01
-18.777  0.107E+00  0.244E-03  0.756E-01  0.311E-01
-18.757  0.108E+00  0.241E-03  0.753E-01  0.326E-01
-18.737  0.109E+00  0.237E-03  0.744E-01  0.342E-01
-18.717  0.109E+00  0.232E-03  0.729E-01  0.358E-01
-18.697  0.109E+00  0.226E-03  0.709E-01  0.375E-01
-18.677  0.108E+00  0.219E-03  0.685E-01  0.391E-01
-18.657  0.107E+00  0.213E-03  0.659E-01  0.406E-01
-18.637  0.105E+00  0.207E-03  0.631E-01  0.422E-01
-18.617  0.104E+00  0.203E-03  0.602E-01  0.436E-01
-18.597  0.102E+00  0.200E-03  0.572E-01  0.450E-01
-18.577  0.101E+00  0.198E-03  0.544E-01  0.463E-01
-18.557  0.994E-01  0.199E-03  0.517E-01  0.476E-01
-18.537  0.980E-01  0.201E-03  0.491E-01  0.487E-01
-18.517  0.967E-01  0.204E-03  0.469E-01  0.497E-01
-18.497  0.955E-01  0.209E-03  0.448E-01  0.505E-01
-18.477  0.944E-01  0.216E-03  0.430E-01  0.511E-01
-18.457  0.933E-01  0.222E-03  0.415E-01  0.515E-01
-18.437  0.922E-01  0.230E-03  0.403E-01  0.517E-01
-18.417  0.910E-01  0.237E-03  0.392E-01  0.515E-01
-18.397  0.897E-01  0.244E-03  0.384E-01  0.511E-01
-18.377  0.882E-01  0.249E-03  0.376E-01  0.503E-01
-18.357  0.866E-01  0.254E-03  0.370E-01  0.493E-01
-18.337  0.846E-01  0.256E-03  0.364E-01  0.480E-01
-18.317  0.825E-01  0.258E-03  0.358E-01  0.465E-01
-18.297  0.802E-01  0.257E-03  0.351E-01  0.449E-01
-18.277  0.778E-01  0.255E-03  0.344E-01  0.432E-01
-18.257  0.753E-01  0.251E-03  0.335E-01  0.415E-01
-18.237  0.728E-01  0.246E-03  0.325E-01  0.400E-01
-18.217  0.704E-01  0.239E-03  0.314E-01  0.387E-01
-18.197  0.682E-01  0.232E-03  0.302E-01  0.378E-01
-18.177  0.663E-01  0.225E-03  0.289E-01  0.372E-01
-18.157  0.648E-01  0.217E-03  0.275E-01  0.371E-01
-18.137  0.637E-01  0.210E-03  0.261E-01  0.375E-01
-18.117  0.631E-01  0.204E-03  0.246E-01  0.383E-01
-18.097  0.629E-01  0.198E-03  0.232E-01  0.396E-01
-18.077  0.632E-01  0.193E-03  0.218E-01  0.412E-01
-18.057  0.638E-01  0.189E-03  0.205E-01  0.431E-01
-18.037  0.647E-01  0.187E-03  0.193E-01  0.452E-01
-18.017  0.658E-01  0.185E-03  0.182E-01  0.474E-01
-17.997  0.670E-01  0.184E-03  0.173E-01  0.495E-01
-17.977  0.683E-01  0.185E-03  0.165E-01  0.516E-01
-17.957  0.695E-01  0.185E-03  0.159E-01  0.533E-01
-17.937  0.705E-01  0.187E-03  0.155E-01  0.548E-01
-17.917  0.714E-01  0.188E-03  0.152E-01  0.560E-01
-17.897  0.720E-01  0.190E-03  0.150E-01  0.567E-01
-17.877  0.723E-01  0.191E-03  0.150E-01  0.571E-01
-17.857  0.723E-01  0.192E-03  0.151E-01  0.571E-01
-17.837  0.721E-01  0.193E-03  0.152E-01  0.567E-01
-17.817  0.716E-01  0.192E-03  0.154E-01  0.560E-01
-17.797  0.709E-01  0.192E-03  0.157E-01  0.549E-01
-17.777  0.699E-01  0.190E-03  0.160E-01  0.537E-01
-17.757  0.688E-01  0.188E-03  0.164E-01  0.523E-01
-17.737  0.676E-01  0.185E-03  0.167E-01  0.507E-01
-17.717  0.662E-01  0.181E-03  0.170E-01  0.491E-01
-17.697  0.648E-01  0.177E-03  0.172E-01  0.474E-01
-17.677  0.634E-01  0.173E-03  0.174E-01  0.457E-01
-17.657  0.619E-01  0.168E-03  0.176E-01  0.441E-01
-17.637  0.603E-01  0.164E-03  0.177E-01  0.425E-01
-17.617  0.589E-01  0.160E-03  0.178E-01  0.410E-01
-17.597  0.574E-01  0.156E-03  0.178E-01  0.395E-01
-17.577  0.560E-01  0.153E-03  0.177E-01  0.382E-01
-17.557  0.548E-01  0.150E-03  0.176E-01  0.370E-01
-17.537  0.536E-01  0.148E-03  0.175E-01  0.359E-01
-17.517  0.525E-01  0.146E-03  0.175E-01  0.349E-01
-17.497  0.517E-01  0.146E-03  0.174E-01  0.341E-01
-17.477  0.509E-01  0.146E-03  0.173E-01  0.335E-01
-17.457  0.504E-01  0.147E-03  0.173E-01  0.330E-01
-17.437  0.501E-01  0.148E-03  0.173E-01  0.327E-01
-17.417  0.500E-01  0.150E-03  0.174E-01  0.324E-01
-17.397  0.500E-01  0.152E-03  0.175E-01  0.324E-01
-17.377  0.502E-01  0.155E-03  0.177E-01  0.324E-01
-17.357  0.506E-01  0.157E-03  0.179E-01  0.326E-01
-17.337  0.512E-01  0.159E-03  0.182E-01  0.329E-01
-17.317  0.519E-01  0.161E-03  0.185E-01  0.332E-01
-17.297  0.527E-01  0.162E-03  0.188E-01  0.336E-01
-17.277  0.535E-01  0.163E-03  0.192E-01  0.341E-01
-17.257  0.544E-01  0.164E-03  0.196E-01  0.347E-01
-17.237  0.554E-01  0.164E-03  0.199E-01  0.353E-01
-17.217  0.563E-01  0.163E-03  0.202E-01  0.359E-01
-17.197  0.572E-01  0.163E-03  0.205E-01  0.366E-01
-17.177  0.580E-01  0.161E-03  0.207E-01  0.372E-01
-17.157  0.588E-01  0.160E-03  0.208E-01  0.378E-01
-17.137  0.594E-01  0.158E-03  0.208E-01  0.384E-01
-17.117  0.599E-01  0.156E-03  0.208E-01  0.389E-01
-17.097  0.602E-01  0.155E-03  0.207E-01  0.393E-01
-17.077  0.602E-01  0.153E-03  0.204E-01  0.396E-01
-17.057  0.600E-01  0.152E-03  0.201E-01  0.397E-01
-17.037  0.596E-01  0.151E-03  0.198E-01  0.397E-01
-17.017  0.589E-01  0.150E-03  0.194E-01  0.393E-01
-16.997  0.579E-01  0.150E-03  0.190E-01  0.388E-01
-16.977  0.566E-01  0.150E-03  0.186E-01  0.379E-01
-16.957  0.550E-01  0.150E-03  0.181E-01  0.368E-01
-16.937  0.532E-01  0.151E-03  0.178E-01  0.353E-01
-16.917  0.512E-01  0.151E-03  0.174E-01  0.336E-01
-16.897  0.489E-01  0.152E-03  0.172E-01  0.316E-01
-16.877  0.465E-01  0.153E-03  0.170E-01  0.294E-01
-16.857  0.440E-01  0.154E-03  0.169E-01  0.270E-01
-16.837  0.414E-01  0.156E-03  0.169E-01  0.244E-01
-16.817  0.389E-01  0.157E-03  0.170E-01  0.218E-01
-16.797  0.365E-01  0.158E-03  0.172E-01  0.191E-01
-16.777  0.342E-01  0.159E-03  0.175E-01  0.165E-01
-16.757  0.321E-01  0.160E-03  0.179E-01  0.140E-01
-16.737  0.303E-01  0.160E-03  0.185E-01  0.116E-01
-16.717  0.287E-01  0.161E-03  0.191E-01  0.944E-02
-16.697  0.276E-01  0.162E-03  0.199E-01  0.746E-02
-16.677  0.267E-01  0.163E-03  0.209E-01  0.572E-02
-16.657  0.263E-01  0.164E-03  0.219E-01  0.424E-02
-16.637  0.263E-01  0.166E-03  0.231E-01  0.300E-02
-16.617  0.267E-01  0.167E-03  0.245E-01  0.201E-02
-16.597  0.275E-01  0.169E-03  0.261E-01  0.125E-02
-16.577  0.287E-01  0.171E-03  0.279E-01  0.690E-03
-16.557  0.303E-01  0.173E-03  0.298E-01  0.314E-03
-16.537  0.323E-01  0.175E-03  0.320E-01  0.909E-04
-16.517  0.345E-01  0.178E-03  0.343E-01 -0.119E-04
-16.497  0.369E-01  0.180E-03  0.368E-01 -0.252E-04
-16.477  0.396E-01  0.182E-03  0.394E-01  0.204E-04
-16.457  0.423E-01  0.183E-03  0.420E-01  0.957E-04
-16.437  0.449E-01  0.184E-03  0.446E-01  0.174E-03
-16.417  0.475E-01  0.184E-03  0.471E-01  0.230E-03
-16.397  0.498E-01  0.184E-03  0.494E-01  0.243E-03
-16.377  0.518E-01  0.181E-03  0.514E-01  0.195E-03
-16.357  0.533E-01  0.178E-03  0.530E-01  0.740E-04
-16.337  0.542E-01  0.172E-03  0.542E-01 -0.129E-03
-16.317  0.546E-01  0.165E-03  0.548E-01 -0.414E-03
-16.297  0.542E-01  0.156E-03  0.548E-01 -0.775E-03
-16.277  0.531E-01  0.146E-03  0.542E-01 -0.120E-02
-16.257  0.514E-01  0.134E-03  0.529E-01 -0.165E-02
-16.237  0.489E-01  0.120E-03  0.509E-01 -0.211E-02
-16.217  0.459E-01  0.105E-03  0.483E-01 -0.251E-02
-16.197  0.425E-01  0.898E-04  0.452E-01 -0.280E-02
-16.177  0.388E-01  0.743E-04  0.416E-01 -0.290E-02
-16.157  0.350E-01  0.593E-04  0.377E-01 -0.273E-02
-16.137  0.313E-01  0.455E-04  0.335E-01 -0.220E-02
-16.117  0.280E-01  0.338E-04  0.292E-01 -0.122E-02
-16.097  0.252E-01  0.251E-04  0.249E-01  0.308E-03
-16.077  0.232E-01  0.201E-04  0.207E-01  0.248E-02
-16.057  0.222E-01  0.197E-04  0.168E-01  0.537E-02
-16.037  0.223E-01  0.248E-04  0.132E-01  0.905E-02
-16.017  0.236E-01  0.360E-04  0.999E-02  0.136E-01
-15.997  0.262E-01  0.539E-04  0.721E-02  0.189E-01
-15.977  0.300E-01  0.788E-04  0.490E-02  0.251E-01
-15.957  0.352E-01  0.111E-03  0.306E-02  0.320E-01
-15.937  0.415E-01  0.150E-03  0.166E-02  0.397E-01
-15.917  0.488E-01  0.196E-03  0.691E-03  0.479E-01
-15.897  0.570E-01  0.248E-03  0.932E-04  0.566E-01
-15.877  0.657E-01  0.304E-03 -0.182E-03  0.656E-01
-15.857  0.748E-01  0.364E-03 -0.188E-03  0.747E-01
-15.837  0.841E-01  0.426E-03  0.200E-04  0.837E-01
-15.817  0.933E-01  0.487E-03  0.397E-03  0.924E-01
-15.797  0.102E+00  0.547E-03  0.908E-03  0.101E+00
-15.777  0.110E+00  0.603E-03  0.153E-02  0.108E+00
-15.757  0.118E+00  0.653E-03  0.226E-02  0.115E+00
-15.737  0.125E+00  0.697E-03  0.312E-02  0.121E+00
-15.717  0.131E+00  0.732E-03  0.415E-02  0.126E+00
-15.697  0.136E+00  0.758E-03  0.539E-02  0.130E+00
-15.677  0.140E+00  0.775E-03  0.692E-02  0.132E+00
-15.657  0.144E+00  0.783E-03  0.882E-02  0.134E+00
-15.637  0.147E+00  0.783E-03  0.112E-01  0.135E+00
-15.617  0.149E+00  0.775E-03  0.141E-01  0.134E+00
-15.597  0.152E+00  0.763E-03  0.177E-01  0.133E+00
-15.577  0.154E+00  0.746E-03  0.220E-01  0.131E+00
-15.557  0.156E+00  0.728E-03  0.270E-01  0.129E+00
-15.537  0.159E+00  0.710E-03  0.328E-01  0.125E+00
-15.517  0.162E+00  0.694E-03  0.394E-01  0.122E+00
-15.497  0.165E+00  0.682E-03  0.466E-01  0.118E+00
-15.477  0.169E+00  0.675E-03  0.544E-01  0.114E+00
-15.457  0.173E+00  0.673E-03  0.626E-01  0.109E+00
-15.437  0.177E+00  0.676E-03  0.710E-01  0.105E+00
-15.417  0.181E+00  0.685E-03  0.794E-01  0.101E+00
-15.397  0.185E+00  0.698E-03  0.875E-01  0.966E-01
-15.377  0.188E+00  0.715E-03  0.952E-01  0.925E-01
-15.357  0.192E+00  0.733E-03  0.102E+00  0.886E-01
-15.337  0.194E+00  0.752E-03  0.108E+00  0.849E-01
-15.317  0.196E+00  0.769E-03  0.114E+00  0.814E-01
-15.297  0.196E+00  0.785E-03  0.118E+00  0.781E-01
-15.277  0.196E+00  0.797E-03  0.120E+00  0.751E-01
-15.257  0.195E+00  0.805E-03  0.122E+00  0.723E-01
-15.237  0.194E+00  0.810E-03  0.123E+00  0.698E-01
-15.217  0.191E+00  0.810E-03  0.123E+00  0.675E-01
-15.197  0.188E+00  0.808E-03  0.122E+00  0.655E-01
-15.177  0.186E+00  0.803E-03  0.121E+00  0.638E-01
-15.157  0.183E+00  0.798E-03  0.120E+00  0.623E-01
-15.137  0.180E+00  0.793E-03  0.118E+00  0.612E-01
-15.117  0.178E+00  0.789E-03  0.117E+00  0.603E-01
-15.097  0.177E+00  0.789E-03  0.116E+00  0.596E-01
-15.077  0.176E+00  0.792E-03  0.116E+00  0.592E-01
-15.057  0.177E+00  0.800E-03  0.117E+00  0.590E-01
-15.037  0.179E+00  0.813E-03  0.119E+00  0.591E-01
-15.017  0.181E+00  0.830E-03  0.121E+00  0.593E-01
-14.997  0.184E+00  0.851E-03  0.124E+00  0.597E-01
-14.977  0.189E+00  0.876E-03  0.127E+00  0.603E-01
-14.957  0.193E+00  0.902E-03  0.131E+00  0.609E-01
-14.937  0.198E+00  0.928E-03  0.136E+00  0.617E-01
-14.917  0.203E+00  0.954E-03  0.140E+00  0.626E-01
-14.897  0.208E+00  0.977E-03  0.143E+00  0.635E-01
-14.877  0.212E+00  0.996E-03  0.147E+00  0.644E-01
-14.857  0.216E+00  0.101E-02  0.149E+00  0.653E-01
-14.837  0.218E+00  0.102E-02  0.151E+00  0.662E-01
-14.817  0.220E+00  0.102E-02  0.152E+00  0.670E-01
-14.797  0.220E+00  0.101E-02  0.151E+00  0.677E-01
-14.777  0.219E+00  0.100E-02  0.149E+00  0.683E-01
-14.757  0.217E+00  0.981E-03  0.147E+00  0.687E-01
-14.737  0.213E+00  0.956E-03  0.143E+00  0.689E-01
-14.717  0.209E+00  0.928E-03  0.139E+00  0.689E-01
-14.697  0.204E+00  0.897E-03  0.134E+00  0.686E-01
-14.677  0.198E+00  0.865E-03  0.129E+00  0.680E-01
-14.657  0.192E+00  0.834E-03  0.124E+00  0.671E-01
-14.637  0.186E+00  0.806E-03  0.119E+00  0.660E-01
-14.617  0.180E+00  0.782E-03  0.114E+00  0.645E-01
-14.597  0.174E+00  0.762E-03  0.111E+00  0.627E-01
-14.577  0.169E+00  0.749E-03  0.107E+00  0.608E-01
-14.557  0.164E+00  0.741E-03  0.105E+00  0.586E-01
-14.537  0.161E+00  0.740E-03  0.104E+00  0.563E-01
-14.517  0.158E+00  0.743E-03  0.103E+00  0.539E-01
-14.497  0.155E+00  0.751E-03  0.103E+00  0.515E-01
-14.477  0.154E+00  0.762E-03  0.104E+00  0.492E-01
-14.457  0.153E+00  0.774E-03  0.105E+00  0.470E-01
-14.437  0.152E+00  0.786E-03  0.106E+00  0.450E-01
-14.417  0.151E+00  0.796E-03  0.107E+00  0.433E-01
-14.397  0.150E+00  0.802E-03  0.107E+00  0.419E-01
-14.377  0.148E+00  0.802E-03  0.107E+00  0.409E-01
-14.357  0.146E+00  0.796E-03  0.105E+00  0.402E-01
-14.337  0.144E+00  0.782E-03  0.103E+00  0.400E-01
-14.317  0.141E+00  0.760E-03  0.100E+00  0.401E-01
-14.297  0.137E+00  0.731E-03  0.961E-01  0.407E-01
-14.277  0.133E+00  0.694E-03  0.909E-01  0.416E-01
-14.257  0.129E+00  0.651E-03  0.849E-01  0.429E-01
-14.237  0.123E+00  0.602E-03  0.782E-01  0.446E-01
-14.217  0.118E+00  0.549E-03  0.710E-01  0.465E-01
-14.197  0.113E+00  0.494E-03  0.634E-01  0.486E-01
-14.177  0.107E+00  0.438E-03  0.557E-01  0.510E-01
-14.157  0.102E+00  0.382E-03  0.481E-01  0.534E-01
-14.137  0.971E-01  0.328E-03  0.408E-01  0.559E-01
-14.117  0.927E-01  0.277E-03  0.340E-01  0.585E-01
-14.097  0.889E-01  0.231E-03  0.277E-01  0.610E-01
-14.077  0.856E-01  0.189E-03  0.221E-01  0.634E-01
-14.057  0.830E-01  0.153E-03  0.172E-01  0.656E-01
-14.037  0.809E-01  0.122E-03  0.132E-01  0.676E-01
-14.017  0.793E-01  0.968E-04  0.983E-02  0.694E-01
-13.997  0.782E-01  0.765E-04  0.723E-02  0.709E-01
-13.977  0.774E-01  0.610E-04  0.529E-02  0.721E-01
-13.957  0.770E-01  0.496E-04  0.395E-02  0.730E-01
-13.937  0.767E-01  0.418E-04  0.312E-02  0.736E-01
-13.917  0.767E-01  0.370E-04  0.272E-02  0.739E-01
-13.897  0.767E-01  0.345E-04  0.267E-02  0.740E-01
-13.877  0.768E-01  0.337E-04  0.288E-02  0.739E-01
-13.857  0.769E-01  0.342E-04  0.330E-02  0.735E-01
-13.837  0.770E-01  0.354E-04  0.386E-02  0.731E-01
-13.817  0.771E-01  0.369E-04  0.451E-02  0.725E-01
-13.797  0.771E-01  0.384E-04  0.520E-02  0.719E-01
-13.777  0.772E-01  0.396E-04  0.591E-02  0.712E-01
-13.757  0.772E-01  0.404E-04  0.661E-02  0.706E-01
-13.737  0.773E-01  0.404E-04  0.727E-02  0.700E-01
-13.717  0.773E-01  0.396E-04  0.787E-02  0.694E-01
-13.697  0.773E-01  0.379E-04  0.840E-02  0.689E-01
-13.677  0.773E-01  0.352E-04  0.882E-02  0.684E-01
-13.657  0.771E-01  0.314E-04  0.913E-02  0.680E-01
-13.637  0.769E-01  0.265E-04  0.931E-02  0.676E-01
-13.617  0.765E-01  0.206E-04  0.935E-02  0.672E-01
-13.597  0.760E-01  0.138E-04  0.923E-02  0.668E-01
-13.577  0.753E-01  0.617E-05  0.895E-02  0.663E-01
-13.557  0.743E-01 -0.194E-05  0.853E-02  0.658E-01
-13.537  0.732E-01 -0.102E-04  0.800E-02  0.652E-01
-13.517  0.719E-01 -0.180E-04  0.739E-02  0.646E-01
-13.497  0.705E-01 -0.247E-04  0.678E-02  0.638E-01
-13.477  0.691E-01 -0.296E-04  0.625E-02  0.628E-01
-13.457  0.677E-01 -0.315E-04  0.593E-02  0.618E-01
-13.437  0.666E-01 -0.294E-04  0.594E-02  0.607E-01
-13.417  0.658E-01 -0.220E-04  0.644E-02  0.594E-01
-13.397  0.656E-01 -0.808E-05  0.760E-02  0.580E-01
-13.377  0.662E-01  0.138E-04  0.960E-02  0.566E-01
-13.357  0.678E-01  0.448E-04  0.126E-01  0.551E-01
-13.337  0.705E-01  0.861E-04  0.168E-01  0.536E-01
-13.317  0.744E-01  0.139E-03  0.222E-01  0.521E-01
-13.297  0.798E-01  0.203E-03  0.290E-01  0.506E-01
-13.277  0.867E-01  0.279E-03  0.372E-01  0.492E-01
-13.257  0.949E-01  0.366E-03  0.468E-01  0.478E-01
-13.237  0.105E+00  0.464E-03  0.577E-01  0.465E-01
-13.217  0.115E+00  0.571E-03  0.696E-01  0.453E-01
-13.197  0.127E+00  0.684E-03  0.824E-01  0.443E-01
-13.177  0.140E+00  0.803E-03  0.958E-01  0.433E-01
-13.157  0.153E+00  0.923E-03  0.109E+00  0.425E-01
-13.137  0.166E+00  0.104E-02  0.123E+00  0.419E-01
-13.117  0.178E+00  0.115E-02  0.136E+00  0.414E-01
-13.097  0.190E+00  0.126E-02  0.148E+00  0.411E-01
-13.077  0.200E+00  0.135E-02  0.158E+00  0.408E-01
-13.057  0.209E+00  0.143E-02  0.167E+00  0.407E-01
-13.037  0.216E+00  0.150E-02  0.174E+00  0.407E-01
-13.017  0.221E+00  0.155E-02  0.178E+00  0.408E-01
-12.997  0.223E+00  0.157E-02  0.181E+00  0.409E-01
-12.977  0.224E+00  0.158E-02  0.181E+00  0.411E-01
-12.957  0.222E+00  0.157E-02  0.180E+00  0.412E-01
-12.937  0.219E+00  0.155E-02  0.176E+00  0.413E-01
-12.917  0.213E+00  0.151E-02  0.171E+00  0.413E-01
-12.897  0.207E+00  0.146E-02  0.164E+00  0.412E-01
-12.877  0.198E+00  0.139E-02  0.156E+00  0.410E-01
-12.857  0.189E+00  0.132E-02  0.148E+00  0.406E-01
-12.837  0.180E+00  0.125E-02  0.139E+00  0.400E-01
-12.817  0.170E+00  0.117E-02  0.129E+00  0.392E-01
-12.797  0.160E+00  0.110E-02  0.120E+00  0.382E-01
-12.777  0.150E+00  0.103E-02  0.112E+00  0.370E-01
-12.757  0.140E+00  0.967E-03  0.104E+00  0.358E-01
-12.737  0.131E+00  0.909E-03  0.961E-01  0.344E-01
-12.717  0.123E+00  0.861E-03  0.892E-01  0.331E-01
-12.697  0.116E+00  0.821E-03  0.830E-01  0.320E-01
-12.677  0.109E+00  0.792E-03  0.774E-01  0.310E-01
-12.657  0.104E+00  0.774E-03  0.725E-01  0.305E-01
-12.637  0.994E-01  0.767E-03  0.681E-01  0.305E-01
-12.617  0.962E-01  0.770E-03  0.643E-01  0.311E-01
-12.597  0.944E-01  0.784E-03  0.610E-01  0.326E-01
-12.577  0.938E-01  0.809E-03  0.582E-01  0.349E-01
-12.557  0.948E-01  0.844E-03  0.558E-01  0.382E-01
-12.537  0.971E-01  0.889E-03  0.538E-01  0.425E-01
-12.517  0.101E+00  0.943E-03  0.522E-01  0.478E-01
-12.497  0.106E+00  0.101E-02  0.511E-01  0.541E-01
-12.477  0.113E+00  0.108E-02  0.504E-01  0.614E-01
-12.457  0.121E+00  0.115E-02  0.501E-01  0.694E-01
-12.437  0.129E+00  0.124E-02  0.503E-01  0.780E-01
-12.417  0.139E+00  0.132E-02  0.508E-01  0.870E-01
-12.397  0.149E+00  0.141E-02  0.518E-01  0.961E-01
-12.377  0.160E+00  0.150E-02  0.531E-01  0.105E+00
-12.357  0.170E+00  0.160E-02  0.547E-01  0.114E+00
-12.337  0.180E+00  0.169E-02  0.565E-01  0.122E+00
-12.317  0.189E+00  0.177E-02  0.584E-01  0.129E+00
-12.297  0.198E+00  0.186E-02  0.603E-01  0.136E+00
-12.277  0.205E+00  0.194E-02  0.622E-01  0.141E+00
-12.257  0.210E+00  0.201E-02  0.638E-01  0.145E+00
-12.237  0.214E+00  0.207E-02  0.652E-01  0.147E+00
-12.217  0.216E+00  0.212E-02  0.661E-01  0.148E+00
-12.197  0.217E+00  0.216E-02  0.665E-01  0.148E+00
-12.177  0.215E+00  0.219E-02  0.664E-01  0.147E+00
-12.157  0.212E+00  0.221E-02  0.657E-01  0.144E+00
-12.137  0.207E+00  0.221E-02  0.643E-01  0.141E+00
-12.117  0.201E+00  0.219E-02  0.623E-01  0.137E+00
-12.097  0.194E+00  0.216E-02  0.597E-01  0.132E+00
-12.077  0.185E+00  0.212E-02  0.565E-01  0.127E+00
-12.057  0.176E+00  0.206E-02  0.529E-01  0.121E+00
-12.037  0.167E+00  0.199E-02  0.489E-01  0.116E+00
-12.017  0.157E+00  0.190E-02  0.446E-01  0.111E+00
-11.997  0.148E+00  0.181E-02  0.403E-01  0.106E+00
-11.977  0.139E+00  0.170E-02  0.360E-01  0.102E+00
-11.957  0.131E+00  0.159E-02  0.320E-01  0.978E-01
-11.937  0.125E+00  0.148E-02  0.284E-01  0.946E-01
-11.917  0.119E+00  0.137E-02  0.254E-01  0.922E-01
-11.897  0.115E+00  0.126E-02  0.231E-01  0.906E-01
-11.877  0.113E+00  0.115E-02  0.217E-01  0.897E-01
-11.857  0.112E+00  0.105E-02  0.213E-01  0.896E-01
-11.837  0.113E+00  0.969E-03  0.219E-01  0.901E-01
-11.817  0.116E+00  0.897E-03  0.235E-01  0.912E-01
-11.797  0.120E+00  0.840E-03  0.262E-01  0.927E-01
-11.777  0.125E+00  0.799E-03  0.299E-01  0.945E-01
-11.757  0.132E+00  0.775E-03  0.345E-01  0.963E-01
-11.737  0.139E+00  0.767E-03  0.400E-01  0.982E-01
-11.717  0.147E+00  0.775E-03  0.460E-01  0.998E-01
-11.697  0.154E+00  0.797E-03  0.524E-01  0.101E+00
-11.677  0.162E+00  0.833E-03  0.591E-01  0.102E+00
-11.657  0.169E+00  0.880E-03  0.658E-01  0.102E+00
-11.637  0.175E+00  0.936E-03  0.722E-01  0.102E+00
-11.617  0.180E+00  0.999E-03  0.781E-01  0.101E+00
-11.597  0.183E+00  0.107E-02  0.835E-01  0.988E-01
-11.577  0.186E+00  0.114E-02  0.880E-01  0.964E-01
-11.557  0.186E+00  0.120E-02  0.916E-01  0.935E-01
-11.537  0.186E+00  0.127E-02  0.943E-01  0.901E-01
-11.517  0.184E+00  0.133E-02  0.960E-01  0.864E-01
-11.497  0.181E+00  0.139E-02  0.968E-01  0.825E-01
-11.477  0.177E+00  0.144E-02  0.967E-01  0.786E-01
-11.457  0.172E+00  0.148E-02  0.958E-01  0.749E-01
-11.437  0.167E+00  0.151E-02  0.943E-01  0.714E-01
-11.417  0.162E+00  0.153E-02  0.923E-01  0.682E-01
-11.397  0.157E+00  0.153E-02  0.900E-01  0.656E-01
-11.377  0.153E+00  0.153E-02  0.875E-01  0.636E-01
-11.357  0.149E+00  0.152E-02  0.851E-01  0.622E-01
-11.337  0.146E+00  0.149E-02  0.828E-01  0.614E-01
-11.317  0.144E+00  0.145E-02  0.807E-01  0.614E-01
-11.297  0.142E+00  0.141E-02  0.789E-01  0.622E-01
-11.277  0.142E+00  0.135E-02  0.774E-01  0.636E-01
-11.257  0.143E+00  0.129E-02  0.763E-01  0.657E-01
-11.237  0.145E+00  0.123E-02  0.754E-01  0.685E-01
-11.217  0.148E+00  0.115E-02  0.749E-01  0.719E-01
-11.197  0.151E+00  0.108E-02  0.746E-01  0.758E-01
-11.177  0.156E+00  0.101E-02  0.744E-01  0.801E-01
-11.157  0.160E+00  0.941E-03  0.744E-01  0.848E-01
-11.137  0.165E+00  0.876E-03  0.744E-01  0.898E-01
-11.117  0.170E+00  0.816E-03  0.744E-01  0.949E-01
-11.097  0.175E+00  0.764E-03  0.743E-01  0.100E+00
-11.077  0.180E+00  0.720E-03  0.742E-01  0.105E+00
-11.057  0.185E+00  0.683E-03  0.739E-01  0.110E+00
-11.037  0.189E+00  0.652E-03  0.735E-01  0.115E+00
-11.017  0.193E+00  0.627E-03  0.729E-01  0.119E+00
-10.997  0.196E+00  0.602E-03  0.722E-01  0.123E+00
-10.977  0.198E+00  0.575E-03  0.713E-01  0.127E+00
-10.957  0.200E+00  0.539E-03  0.703E-01  0.130E+00
-10.937  0.202E+00  0.488E-03  0.691E-01  0.132E+00
-10.917  0.202E+00  0.414E-03  0.677E-01  0.134E+00
-10.897  0.202E+00  0.308E-03  0.661E-01  0.135E+00
-10.877  0.200E+00  0.161E-03  0.643E-01  0.136E+00
-10.857  0.198E+00 -0.351E-04  0.623E-01  0.136E+00
-10.837  0.196E+00 -0.289E-03  0.600E-01  0.136E+00
-10.817  0.192E+00 -0.606E-03  0.576E-01  0.135E+00
-10.797  0.188E+00 -0.992E-03  0.549E-01  0.134E+00
-10.777  0.183E+00 -0.145E-02  0.520E-01  0.132E+00
-10.757  0.177E+00 -0.196E-02  0.490E-01  0.130E+00
-10.737  0.171E+00 -0.253E-02  0.460E-01  0.128E+00
-10.717  0.165E+00 -0.314E-02  0.431E-01  0.125E+00
-10.697  0.158E+00 -0.374E-02  0.405E-01  0.122E+00
-10.677  0.152E+00 -0.430E-02  0.382E-01  0.118E+00
-10.657  0.146E+00 -0.477E-02  0.366E-01  0.114E+00
-10.637  0.141E+00 -0.507E-02  0.358E-01  0.110E+00
-10.617  0.136E+00 -0.511E-02  0.360E-01  0.105E+00
-10.597  0.134E+00 -0.478E-02  0.375E-01  0.101E+00
-10.577  0.133E+00 -0.395E-02  0.404E-01  0.963E-01
-10.557  0.134E+00 -0.248E-02  0.449E-01  0.917E-01
-10.537  0.138E+00 -0.201E-03  0.512E-01  0.873E-01
-10.517  0.145E+00  0.307E-02  0.593E-01  0.831E-01
-10.497  0.156E+00  0.751E-02  0.692E-01  0.793E-01
-10.477  0.170E+00  0.133E-01  0.809E-01  0.761E-01
-10.457  0.188E+00  0.207E-01  0.943E-01  0.734E-01
-10.437  0.210E+00  0.297E-01  0.109E+00  0.715E-01
-10.417  0.236E+00  0.406E-01  0.125E+00  0.704E-01
-10.397  0.265E+00  0.534E-01  0.142E+00  0.703E-01
-10.377  0.298E+00  0.681E-01  0.159E+00  0.712E-01
-10.357  0.334E+00  0.847E-01  0.176E+00  0.732E-01
-10.337  0.371E+00  0.103E+00  0.192E+00  0.764E-01
-10.317  0.411E+00  0.123E+00  0.207E+00  0.809E-01
-10.297  0.451E+00  0.144E+00  0.220E+00  0.867E-01
-10.277  0.492E+00  0.166E+00  0.231E+00  0.940E-01
-10.257  0.532E+00  0.189E+00  0.240E+00  0.103E+00
-10.237  0.570E+00  0.211E+00  0.246E+00  0.113E+00
-10.217  0.606E+00  0.233E+00  0.249E+00  0.124E+00
-10.197  0.639E+00  0.253E+00  0.249E+00  0.137E+00
-10.177  0.669E+00  0.271E+00  0.246E+00  0.152E+00
-10.157  0.694E+00  0.286E+00  0.241E+00  0.167E+00
-10.137  0.715E+00  0.299E+00  0.232E+00  0.184E+00
-10.117  0.731E+00  0.308E+00  0.222E+00  0.202E+00
-10.097  0.742E+00  0.313E+00  0.209E+00  0.220E+00
-10.077  0.749E+00  0.314E+00  0.196E+00  0.238E+00
-10.057  0.750E+00  0.312E+00  0.182E+00  0.257E+00
-10.037  0.748E+00  0.306E+00  0.167E+00  0.274E+00
-10.017  0.741E+00  0.296E+00  0.154E+00  0.291E+00
 -9.997  0.731E+00  0.284E+00  0.141E+00  0.307E+00
 -9.977  0.718E+00  0.269E+00  0.129E+00  0.320E+00
 -9.957  0.702E+00  0.252E+00  0.119E+00  0.331E+00
 -9.937  0.685E+00  0.235E+00  0.111E+00  0.339E+00
 -9.917  0.667E+00  0.217E+00  0.106E+00  0.344E+00
 -9.897  0.648E+00  0.199E+00  0.103E+00  0.346E+00
 -9.877  0.629E+00  0.183E+00  0.102E+00  0.344E+00
 -9.857  0.609E+00  0.168E+00  0.104E+00  0.338E+00
 -9.837  0.591E+00  0.154E+00  0.108E+00  0.329E+00
 -9.817  0.573E+00  0.143E+00  0.114E+00  0.316E+00
 -9.797  0.555E+00  0.133E+00  0.121E+00  0.301E+00
 -9.777  0.539E+00  0.126E+00  0.130E+00  0.282E+00
 -9.757  0.523E+00  0.121E+00  0.140E+00  0.262E+00
 -9.737  0.507E+00  0.118E+00  0.150E+00  0.239E+00
 -9.717  0.491E+00  0.116E+00  0.159E+00  0.216E+00
 -9.697  0.476E+00  0.116E+00  0.168E+00  0.193E+00
 -9.677  0.461E+00  0.116E+00  0.175E+00  0.170E+00
 -9.657  0.445E+00  0.117E+00  0.181E+00  0.147E+00
 -9.637  0.429E+00  0.118E+00  0.185E+00  0.126E+00
 -9.617  0.413E+00  0.120E+00  0.186E+00  0.108E+00
 -9.597  0.398E+00  0.121E+00  0.186E+00  0.911E-01
 -9.577  0.382E+00  0.122E+00  0.183E+00  0.773E-01
 -9.557  0.367E+00  0.123E+00  0.178E+00  0.664E-01
 -9.537  0.352E+00  0.123E+00  0.171E+00  0.586E-01
 -9.517  0.339E+00  0.123E+00  0.163E+00  0.537E-01
 -9.497  0.328E+00  0.123E+00  0.154E+00  0.517E-01
 -9.477  0.319E+00  0.122E+00  0.144E+00  0.524E-01
 -9.457  0.311E+00  0.122E+00  0.134E+00  0.554E-01
 -9.437  0.307E+00  0.122E+00  0.124E+00  0.603E-01
 -9.417  0.305E+00  0.122E+00  0.116E+00  0.668E-01
 -9.397  0.305E+00  0.123E+00  0.108E+00  0.742E-01
 -9.377  0.308E+00  0.124E+00  0.102E+00  0.822E-01
 -9.357  0.313E+00  0.125E+00  0.972E-01  0.902E-01
 -9.337  0.319E+00  0.127E+00  0.942E-01  0.978E-01
 -9.317  0.327E+00  0.130E+00  0.928E-01  0.105E+00
 -9.297  0.336E+00  0.132E+00  0.930E-01  0.110E+00
 -9.277  0.344E+00  0.135E+00  0.945E-01  0.114E+00
 -9.257  0.353E+00  0.138E+00  0.973E-01  0.117E+00
 -9.237  0.360E+00  0.141E+00  0.101E+00  0.118E+00
 -9.217  0.367E+00  0.144E+00  0.105E+00  0.117E+00
 -9.197  0.372E+00  0.147E+00  0.110E+00  0.115E+00
 -9.177  0.376E+00  0.149E+00  0.115E+00  0.111E+00
 -9.157  0.378E+00  0.151E+00  0.120E+00  0.106E+00
 -9.137  0.378E+00  0.153E+00  0.124E+00  0.101E+00
 -9.117  0.377E+00  0.154E+00  0.128E+00  0.947E-01
 -9.097  0.375E+00  0.155E+00  0.132E+00  0.885E-01
 -9.077  0.372E+00  0.155E+00  0.134E+00  0.825E-01
 -9.057  0.368E+00  0.155E+00  0.136E+00  0.769E-01
 -9.037  0.363E+00  0.154E+00  0.137E+00  0.720E-01
 -9.017  0.359E+00  0.153E+00  0.138E+00  0.679E-01
 -8.997  0.354E+00  0.152E+00  0.137E+00  0.648E-01
 -8.977  0.349E+00  0.151E+00  0.136E+00  0.628E-01
 -8.957  0.345E+00  0.149E+00  0.134E+00  0.619E-01
 -8.937  0.341E+00  0.148E+00  0.132E+00  0.619E-01
 -8.917  0.338E+00  0.146E+00  0.129E+00  0.629E-01
 -8.897  0.335E+00  0.145E+00  0.126E+00  0.646E-01
 -8.877  0.333E+00  0.143E+00  0.122E+00  0.670E-01
 -8.857  0.331E+00  0.142E+00  0.119E+00  0.697E-01
 -8.837  0.329E+00  0.140E+00  0.116E+00  0.727E-01
 -8.817  0.328E+00  0.139E+00  0.114E+00  0.757E-01
 -8.797  0.328E+00  0.138E+00  0.112E+00  0.785E-01
 -8.777  0.328E+00  0.136E+00  0.110E+00  0.811E-01
 -8.757  0.328E+00  0.135E+00  0.110E+00  0.832E-01
 -8.737  0.329E+00  0.133E+00  0.111E+00  0.848E-01
 -8.717  0.330E+00  0.131E+00  0.113E+00  0.858E-01
 -8.697  0.332E+00  0.130E+00  0.116E+00  0.861E-01
 -8.677  0.334E+00  0.128E+00  0.120E+00  0.859E-01
 -8.657  0.337E+00  0.126E+00  0.126E+00  0.850E-01
 -8.637  0.341E+00  0.124E+00  0.133E+00  0.837E-01
 -8.617  0.346E+00  0.123E+00  0.141E+00  0.819E-01
 -8.597  0.351E+00  0.121E+00  0.150E+00  0.798E-01
 -8.577  0.357E+00  0.120E+00  0.160E+00  0.775E-01
 -8.557  0.364E+00  0.119E+00  0.170E+00  0.752E-01
 -8.537  0.371E+00  0.118E+00  0.180E+00  0.729E-01
 -8.517  0.378E+00  0.117E+00  0.190E+00  0.709E-01
 -8.497  0.385E+00  0.117E+00  0.199E+00  0.691E-01
 -8.477  0.391E+00  0.116E+00  0.207E+00  0.677E-01
 -8.457  0.397E+00  0.116E+00  0.214E+00  0.667E-01
 -8.437  0.401E+00  0.116E+00  0.219E+00  0.661E-01
 -8.417  0.403E+00  0.115E+00  0.222E+00  0.660E-01
 -8.397  0.404E+00  0.114E+00  0.224E+00  0.661E-01
 -8.377  0.403E+00  0.113E+00  0.223E+00  0.666E-01
 -8.357  0.400E+00  0.112E+00  0.221E+00  0.672E-01
 -8.337  0.395E+00  0.110E+00  0.216E+00  0.680E-01
 -8.317  0.387E+00  0.108E+00  0.210E+00  0.686E-01
 -8.297  0.378E+00  0.106E+00  0.203E+00  0.691E-01
 -8.277  0.367E+00  0.104E+00  0.194E+00  0.694E-01
 -8.257  0.354E+00  0.101E+00  0.184E+00  0.693E-01
 -8.237  0.341E+00  0.980E-01  0.174E+00  0.687E-01
 -8.217  0.326E+00  0.951E-01  0.164E+00  0.677E-01
 -8.197  0.312E+00  0.924E-01  0.153E+00  0.662E-01
 -8.177  0.297E+00  0.899E-01  0.143E+00  0.643E-01
 -8.157  0.282E+00  0.875E-01  0.133E+00  0.620E-01
 -8.137  0.268E+00  0.855E-01  0.123E+00  0.594E-01
 -8.117  0.255E+00  0.838E-01  0.115E+00  0.566E-01
 -8.097  0.243E+00  0.825E-01  0.107E+00  0.536E-01
 -8.077  0.232E+00  0.815E-01  0.100E+00  0.507E-01
 -8.057  0.223E+00  0.807E-01  0.943E-01  0.478E-01
 -8.037  0.215E+00  0.802E-01  0.893E-01  0.451E-01
 -8.017  0.208E+00  0.799E-01  0.852E-01  0.428E-01
 -7.997  0.203E+00  0.798E-01  0.820E-01  0.408E-01
 -7.977  0.198E+00  0.798E-01  0.795E-01  0.392E-01
 -7.957  0.195E+00  0.798E-01  0.776E-01  0.380E-01
 -7.937  0.193E+00  0.797E-01  0.762E-01  0.373E-01
 -7.917  0.192E+00  0.797E-01  0.753E-01  0.370E-01
 -7.897  0.191E+00  0.796E-01  0.745E-01  0.371E-01
 -7.877  0.191E+00  0.795E-01  0.740E-01  0.377E-01
 -7.857  0.191E+00  0.792E-01  0.734E-01  0.386E-01
 -7.837  0.191E+00  0.789E-01  0.727E-01  0.398E-01
 -7.817  0.192E+00  0.786E-01  0.719E-01  0.414E-01
 -7.797  0.192E+00  0.782E-01  0.708E-01  0.433E-01
 -7.777  0.193E+00  0.778E-01  0.694E-01  0.454E-01
 -7.757  0.193E+00  0.774E-01  0.677E-01  0.479E-01
 -7.737  0.193E+00  0.770E-01  0.657E-01  0.506E-01
 -7.717  0.194E+00  0.766E-01  0.634E-01  0.537E-01
 -7.697  0.194E+00  0.763E-01  0.609E-01  0.571E-01
 -7.677  0.195E+00  0.760E-01  0.581E-01  0.609E-01
 -7.657  0.196E+00  0.759E-01  0.553E-01  0.652E-01
 -7.637  0.198E+00  0.758E-01  0.524E-01  0.698E-01
 -7.617  0.200E+00  0.758E-01  0.495E-01  0.749E-01
 -7.597  0.203E+00  0.759E-01  0.469E-01  0.804E-01
 -7.577  0.207E+00  0.762E-01  0.444E-01  0.863E-01
 -7.557  0.211E+00  0.767E-01  0.423E-01  0.924E-01
 -7.537  0.217E+00  0.774E-01  0.405E-01  0.989E-01
 -7.517  0.223E+00  0.783E-01  0.392E-01  0.105E+00
 -7.497  0.230E+00  0.795E-01  0.383E-01  0.112E+00
 -7.477  0.237E+00  0.809E-01  0.380E-01  0.118E+00
 -7.457  0.245E+00  0.826E-01  0.381E-01  0.124E+00
 -7.437  0.253E+00  0.845E-01  0.388E-01  0.129E+00
 -7.417  0.261E+00  0.865E-01  0.399E-01  0.134E+00
 -7.397  0.268E+00  0.887E-01  0.416E-01  0.138E+00
 -7.377  0.275E+00  0.909E-01  0.436E-01  0.141E+00
 -7.357  0.282E+00  0.930E-01  0.461E-01  0.143E+00
 -7.337  0.287E+00  0.950E-01  0.488E-01  0.143E+00
 -7.317  0.292E+00  0.968E-01  0.519E-01  0.143E+00
 -7.297  0.295E+00  0.981E-01  0.552E-01  0.142E+00
 -7.277  0.298E+00  0.990E-01  0.586E-01  0.140E+00
 -7.257  0.299E+00  0.994E-01  0.620E-01  0.138E+00
 -7.237  0.300E+00  0.991E-01  0.655E-01  0.136E+00
 -7.217  0.300E+00  0.982E-01  0.688E-01  0.133E+00
 -7.197  0.299E+00  0.966E-01  0.720E-01  0.131E+00
 -7.177  0.298E+00  0.943E-01  0.748E-01  0.129E+00
 -7.157  0.297E+00  0.914E-01  0.774E-01  0.128E+00
 -7.137  0.296E+00  0.880E-01  0.795E-01  0.128E+00
 -7.117  0.294E+00  0.841E-01  0.812E-01  0.129E+00
 -7.097  0.292E+00  0.799E-01  0.824E-01  0.130E+00
 -7.077  0.291E+00  0.753E-01  0.831E-01  0.132E+00
 -7.057  0.289E+00  0.706E-01  0.833E-01  0.135E+00
 -7.037  0.286E+00  0.657E-01  0.830E-01  0.137E+00
 -7.017  0.283E+00  0.609E-01  0.822E-01  0.140E+00
 -6.997  0.279E+00  0.562E-01  0.811E-01  0.141E+00
 -6.977  0.274E+00  0.516E-01  0.797E-01  0.142E+00
 -6.957  0.267E+00  0.473E-01  0.782E-01  0.142E+00
 -6.937  0.260E+00  0.432E-01  0.766E-01  0.140E+00
 -6.917  0.251E+00  0.396E-01  0.751E-01  0.137E+00
 -6.897  0.242E+00  0.364E-01  0.738E-01  0.132E+00
 -6.877  0.232E+00  0.337E-01  0.728E-01  0.125E+00
 -6.857  0.221E+00  0.317E-01  0.722E-01  0.117E+00
 -6.837  0.210E+00  0.306E-01  0.719E-01  0.108E+00
 -6.817  0.200E+00  0.304E-01  0.721E-01  0.971E-01
 -6.797  0.190E+00  0.315E-01  0.727E-01  0.859E-01
 -6.777  0.182E+00  0.340E-01  0.736E-01  0.744E-01
 -6.757  0.176E+00  0.381E-01  0.747E-01  0.629E-01
 -6.737  0.172E+00  0.442E-01  0.759E-01  0.517E-01
 -6.717  0.171E+00  0.526E-01  0.771E-01  0.412E-01
 -6.697  0.173E+00  0.634E-01  0.780E-01  0.315E-01
 -6.677  0.179E+00  0.770E-01  0.787E-01  0.228E-01
 -6.657  0.188E+00  0.936E-01  0.788E-01  0.153E-01
 -6.637  0.201E+00  0.113E+00  0.783E-01  0.899E-02
 -6.617  0.217E+00  0.136E+00  0.771E-01  0.385E-02
 -6.597  0.237E+00  0.162E+00  0.752E-01 -0.149E-03
 -6.577  0.260E+00  0.191E+00  0.725E-01 -0.311E-02
 -6.557  0.287E+00  0.223E+00  0.690E-01 -0.516E-02
 -6.537  0.315E+00  0.257E+00  0.649E-01 -0.643E-02
 -6.517  0.346E+00  0.292E+00  0.602E-01 -0.706E-02
 -6.497  0.377E+00  0.329E+00  0.550E-01 -0.719E-02
 -6.477  0.409E+00  0.367E+00  0.495E-01 -0.696E-02
 -6.457  0.441E+00  0.404E+00  0.437E-01 -0.646E-02
 -6.437  0.472E+00  0.439E+00  0.380E-01 -0.581E-02
 -6.417  0.500E+00  0.473E+00  0.323E-01 -0.507E-02
 -6.397  0.526E+00  0.504E+00  0.269E-01 -0.432E-02
 -6.377  0.549E+00  0.531E+00  0.219E-01 -0.358E-02
 -6.357  0.568E+00  0.554E+00  0.173E-01 -0.290E-02
 -6.337  0.583E+00  0.572E+00  0.131E-01 -0.229E-02
 -6.317  0.593E+00  0.585E+00  0.957E-02 -0.175E-02
 -6.297  0.599E+00  0.594E+00  0.655E-02 -0.129E-02
 -6.277  0.600E+00  0.597E+00  0.407E-02 -0.912E-03
 -6.257  0.597E+00  0.595E+00  0.212E-02 -0.596E-03
 -6.237  0.589E+00  0.589E+00  0.635E-03 -0.341E-03
 -6.217  0.578E+00  0.579E+00 -0.423E-03 -0.136E-03
 -6.197  0.563E+00  0.565E+00 -0.112E-02  0.262E-04
 -6.177  0.546E+00  0.547E+00 -0.151E-02  0.153E-03
 -6.157  0.526E+00  0.528E+00 -0.166E-02  0.251E-03
 -6.137  0.505E+00  0.506E+00 -0.162E-02  0.326E-03
 -6.117  0.482E+00  0.483E+00 -0.145E-02  0.381E-03
 -6.097  0.458E+00  0.458E+00 -0.119E-02  0.421E-03
 -6.077  0.433E+00  0.433E+00 -0.878E-03  0.447E-03
 -6.057  0.407E+00  0.407E+00 -0.548E-03  0.463E-03
 -6.037  0.382E+00  0.382E+00 -0.222E-03  0.469E-03
 -6.017  0.357E+00  0.356E+00  0.843E-04  0.467E-03
 -5.997  0.331E+00  0.331E+00  0.360E-03  0.459E-03
 -5.977  0.307E+00  0.306E+00  0.599E-03  0.446E-03
 -5.957  0.283E+00  0.282E+00  0.800E-03  0.428E-03
 -5.937  0.261E+00  0.259E+00  0.963E-03  0.407E-03
 -5.917  0.239E+00  0.238E+00  0.109E-02  0.383E-03
 -5.897  0.219E+00  0.217E+00  0.119E-02  0.359E-03
 -5.877  0.201E+00  0.199E+00  0.127E-02  0.336E-03
 -5.857  0.184E+00  0.182E+00  0.133E-02  0.313E-03
 -5.837  0.169E+00  0.168E+00  0.139E-02  0.292E-03
 -5.817  0.157E+00  0.155E+00  0.143E-02  0.274E-03
 -5.797  0.146E+00  0.145E+00  0.148E-02  0.260E-03
 -5.777  0.138E+00  0.136E+00  0.152E-02  0.249E-03
 -5.757  0.132E+00  0.130E+00  0.158E-02  0.242E-03
 -5.737  0.127E+00  0.125E+00  0.164E-02  0.239E-03
 -5.717  0.124E+00  0.122E+00  0.171E-02  0.240E-03
 -5.697  0.123E+00  0.121E+00  0.178E-02  0.244E-03
 -5.677  0.123E+00  0.121E+00  0.186E-02  0.250E-03
 -5.657  0.124E+00  0.121E+00  0.194E-02  0.259E-03
 -5.637  0.125E+00  0.123E+00  0.203E-02  0.269E-03
 -5.617  0.126E+00  0.124E+00  0.211E-02  0.280E-03
 -5.597  0.128E+00  0.126E+00  0.218E-02  0.290E-03
 -5.577  0.129E+00  0.127E+00  0.225E-02  0.300E-03
 -5.557  0.130E+00  0.128E+00  0.231E-02  0.309E-03
 -5.537  0.130E+00  0.128E+00  0.236E-02  0.316E-03
 -5.517  0.130E+00  0.127E+00  0.239E-02  0.320E-03
 -5.497  0.128E+00  0.126E+00  0.241E-02  0.323E-03
 -5.477  0.126E+00  0.123E+00  0.241E-02  0.323E-03
 -5.457  0.123E+00  0.120E+00  0.240E-02  0.321E-03
 -5.437  0.119E+00  0.116E+00  0.238E-02  0.317E-03
 -5.417  0.114E+00  0.111E+00  0.234E-02  0.311E-03
 -5.397  0.109E+00  0.106E+00  0.230E-02  0.302E-03
 -5.377  0.103E+00  0.101E+00  0.225E-02  0.293E-03
 -5.357  0.977E-01  0.952E-01  0.219E-02  0.282E-03
 -5.337  0.922E-01  0.898E-01  0.213E-02  0.270E-03
 -5.317  0.870E-01  0.847E-01  0.208E-02  0.257E-03
 -5.297  0.824E-01  0.801E-01  0.202E-02  0.243E-03
 -5.277  0.785E-01  0.763E-01  0.198E-02  0.229E-03
 -5.257  0.756E-01  0.735E-01  0.195E-02  0.216E-03
 -5.237  0.739E-01  0.717E-01  0.193E-02  0.202E-03
 -5.217  0.733E-01  0.712E-01  0.192E-02  0.188E-03
 -5.197  0.742E-01  0.721E-01  0.194E-02  0.175E-03
 -5.177  0.764E-01  0.742E-01  0.197E-02  0.162E-03
 -5.157  0.799E-01  0.777E-01  0.203E-02  0.150E-03
 -5.137  0.848E-01  0.825E-01  0.211E-02  0.139E-03
 -5.117  0.908E-01  0.884E-01  0.222E-02  0.128E-03
 -5.097  0.977E-01  0.952E-01  0.234E-02  0.118E-03
 -5.077  0.105E+00  0.103E+00  0.249E-02  0.110E-03
 -5.057  0.114E+00  0.111E+00  0.265E-02  0.102E-03
 -5.037  0.122E+00  0.119E+00  0.282E-02  0.958E-04
 -5.017  0.130E+00  0.127E+00  0.299E-02  0.903E-04
 -4.997  0.138E+00  0.134E+00  0.316E-02  0.855E-04
 -4.977  0.145E+00  0.141E+00  0.332E-02  0.816E-04
 -4.957  0.150E+00  0.147E+00  0.346E-02  0.783E-04
 -4.937  0.155E+00  0.151E+00  0.357E-02  0.756E-04
 -4.917  0.158E+00  0.154E+00  0.366E-02  0.732E-04
 -4.897  0.159E+00  0.155E+00  0.370E-02  0.711E-04
 -4.877  0.158E+00  0.155E+00  0.371E-02  0.691E-04
 -4.857  0.156E+00  0.152E+00  0.367E-02  0.671E-04
 -4.837  0.152E+00  0.148E+00  0.358E-02  0.652E-04
 -4.817  0.146E+00  0.143E+00  0.346E-02  0.632E-04
 -4.797  0.139E+00  0.136E+00  0.329E-02  0.612E-04
 -4.777  0.131E+00  0.128E+00  0.308E-02  0.591E-04
 -4.757  0.121E+00  0.118E+00  0.284E-02  0.570E-04
 -4.737  0.111E+00  0.108E+00  0.258E-02  0.550E-04
 -4.717  0.100E+00  0.980E-01  0.231E-02  0.531E-04
 -4.697  0.896E-01  0.875E-01  0.203E-02  0.515E-04
 -4.677  0.789E-01  0.771E-01  0.174E-02  0.501E-04
 -4.657  0.685E-01  0.670E-01  0.146E-02  0.491E-04
 -4.637  0.587E-01  0.574E-01  0.120E-02  0.484E-04
 -4.617  0.496E-01  0.486E-01  0.957E-03  0.482E-04
 -4.597  0.414E-01  0.406E-01  0.737E-03  0.484E-04
 -4.577  0.341E-01  0.335E-01  0.542E-03  0.489E-04
 -4.557  0.278E-01  0.274E-01  0.375E-03  0.499E-04
 -4.537  0.226E-01  0.223E-01  0.236E-03  0.511E-04
 -4.517  0.183E-01  0.182E-01  0.124E-03  0.526E-04
 -4.497  0.150E-01  0.150E-01  0.376E-04  0.542E-04
 -4.477  0.126E-01  0.126E-01 -0.264E-04  0.559E-04
 -4.457  0.110E-01  0.110E-01 -0.704E-04  0.576E-04
 -4.437  0.101E-01  0.101E-01 -0.976E-04  0.592E-04
 -4.417  0.971E-02  0.976E-02 -0.111E-03  0.608E-04
 -4.397  0.984E-02  0.989E-02 -0.114E-03  0.622E-04
 -4.377  0.104E-01  0.104E-01 -0.109E-03  0.634E-04
 -4.357  0.112E-01  0.112E-01 -0.987E-04  0.644E-04
 -4.337  0.122E-01  0.122E-01 -0.850E-04  0.653E-04
 -4.317  0.133E-01  0.133E-01 -0.697E-04  0.661E-04
 -4.297  0.146E-01  0.146E-01 -0.540E-04  0.668E-04
 -4.277  0.159E-01  0.158E-01 -0.389E-04  0.674E-04
 -4.257  0.172E-01  0.171E-01 -0.250E-04  0.681E-04
 -4.237  0.184E-01  0.184E-01 -0.127E-04  0.690E-04
 -4.217  0.197E-01  0.196E-01 -0.204E-05  0.700E-04
 -4.197  0.210E-01  0.209E-01  0.691E-05  0.713E-04
 -4.177  0.222E-01  0.221E-01  0.143E-04  0.730E-04
 -4.157  0.234E-01  0.233E-01  0.202E-04  0.752E-04
 -4.137  0.247E-01  0.246E-01  0.250E-04  0.780E-04
 -4.117  0.260E-01  0.259E-01  0.287E-04  0.815E-04
 -4.097  0.274E-01  0.273E-01  0.318E-04  0.858E-04
 -4.077  0.289E-01  0.288E-01  0.343E-04  0.912E-04
 -4.057  0.306E-01  0.305E-01  0.364E-04  0.976E-04
 -4.037  0.325E-01  0.323E-01  0.383E-04  0.105E-03
 -4.017  0.345E-01  0.344E-01  0.402E-04  0.114E-03
 -3.997  0.368E-01  0.366E-01  0.421E-04  0.125E-03
 -3.977  0.393E-01  0.391E-01  0.441E-04  0.136E-03
 -3.957  0.421E-01  0.419E-01  0.463E-04  0.150E-03
 -3.937  0.451E-01  0.449E-01  0.487E-04  0.164E-03
 -3.917  0.483E-01  0.481E-01  0.512E-04  0.180E-03
 -3.897  0.517E-01  0.514E-01  0.538E-04  0.197E-03
 -3.877  0.551E-01  0.548E-01  0.565E-04  0.214E-03
 -3.857  0.585E-01  0.583E-01  0.592E-04  0.232E-03
 -3.837  0.619E-01  0.616E-01  0.618E-04  0.249E-03
 -3.817  0.651E-01  0.647E-01  0.642E-04  0.266E-03
 -3.797  0.679E-01  0.676E-01  0.662E-04  0.281E-03
 -3.777  0.703E-01  0.699E-01  0.678E-04  0.295E-03
 -3.757  0.721E-01  0.717E-01  0.688E-04  0.305E-03
 -3.737  0.733E-01  0.729E-01  0.691E-04  0.313E-03
 -3.717  0.736E-01  0.732E-01  0.685E-04  0.317E-03
 -3.697  0.732E-01  0.728E-01  0.672E-04  0.317E-03
 -3.677  0.718E-01  0.715E-01  0.649E-04  0.312E-03
 -3.657  0.696E-01  0.692E-01  0.617E-04  0.303E-03
 -3.637  0.665E-01  0.662E-01  0.576E-04  0.290E-03
 -3.617  0.626E-01  0.623E-01  0.528E-04  0.273E-03
 -3.597  0.580E-01  0.577E-01  0.473E-04  0.252E-03
 -3.577  0.529E-01  0.526E-01  0.414E-04  0.229E-03
 -3.557  0.472E-01  0.470E-01  0.353E-04  0.203E-03
 -3.537  0.414E-01  0.412E-01  0.292E-04  0.175E-03
 -3.517  0.354E-01  0.352E-01  0.235E-04  0.147E-03
 -3.497  0.295E-01  0.293E-01  0.185E-04  0.119E-03
 -3.477  0.238E-01  0.237E-01  0.145E-04  0.933E-04
 -3.457  0.186E-01  0.185E-01  0.118E-04  0.694E-04
 -3.437  0.139E-01  0.138E-01  0.108E-04  0.486E-04
 -3.417  0.984E-02  0.979E-02  0.117E-04  0.318E-04
 -3.397  0.655E-02  0.652E-02  0.147E-04  0.196E-04
 -3.377  0.408E-02  0.405E-02  0.200E-04  0.125E-04
 -3.357  0.248E-02  0.244E-02  0.278E-04  0.110E-04
 -3.337  0.175E-02  0.170E-02  0.381E-04  0.154E-04
 -3.317  0.190E-02  0.182E-02  0.508E-04  0.258E-04
 -3.297  0.291E-02  0.280E-02  0.657E-04  0.424E-04
 -3.277  0.475E-02  0.461E-02  0.827E-04  0.652E-04
 -3.257  0.739E-02  0.719E-02  0.101E-03  0.941E-04
 -3.237  0.108E-01  0.105E-01  0.122E-03  0.129E-03
 -3.217  0.149E-01  0.145E-01  0.143E-03  0.170E-03
 -3.197  0.196E-01  0.192E-01  0.164E-03  0.217E-03
 -3.177  0.250E-01  0.246E-01  0.185E-03  0.271E-03
 -3.157  0.310E-01  0.305E-01  0.206E-03  0.330E-03
 -3.137  0.376E-01  0.370E-01  0.226E-03  0.395E-03
 -3.117  0.448E-01  0.440E-01  0.244E-03  0.467E-03
 -3.097  0.525E-01  0.517E-01  0.261E-03  0.545E-03
 -3.077  0.607E-01  0.598E-01  0.275E-03  0.630E-03
 -3.057  0.695E-01  0.685E-01  0.287E-03  0.721E-03
 -3.037  0.789E-01  0.777E-01  0.297E-03  0.819E-03
 -3.017  0.886E-01  0.874E-01  0.304E-03  0.922E-03
 -2.997  0.988E-01  0.974E-01  0.308E-03  0.103E-02
 -2.977  0.109E+00  0.108E+00  0.310E-03  0.114E-02
 -2.957  0.120E+00  0.118E+00  0.309E-03  0.126E-02
 -2.937  0.130E+00  0.129E+00  0.305E-03  0.137E-02
 -2.917  0.140E+00  0.139E+00  0.300E-03  0.149E-02
 -2.897  0.150E+00  0.148E+00  0.293E-03  0.160E-02
 -2.877  0.159E+00  0.157E+00  0.283E-03  0.170E-02
 -2.857  0.167E+00  0.165E+00  0.272E-03  0.179E-02
 -2.837  0.173E+00  0.171E+00  0.260E-03  0.186E-02
 -2.817  0.178E+00  0.176E+00  0.246E-03  0.192E-02
 -2.797  0.181E+00  0.179E+00  0.230E-03  0.196E-02
 -2.777  0.182E+00  0.180E+00  0.214E-03  0.197E-02
 -2.757  0.180E+00  0.178E+00  0.197E-03  0.196E-02
 -2.737  0.177E+00  0.175E+00  0.180E-03  0.193E-02
 -2.717  0.171E+00  0.169E+00  0.162E-03  0.187E-02
 -2.697  0.163E+00  0.161E+00  0.144E-03  0.179E-02
 -2.677  0.153E+00  0.151E+00  0.126E-03  0.168E-02
 -2.657  0.141E+00  0.139E+00  0.108E-03  0.156E-02
 -2.637  0.128E+00  0.126E+00  0.907E-04  0.142E-02
 -2.617  0.113E+00  0.112E+00  0.740E-04  0.126E-02
 -2.597  0.980E-01  0.968E-01  0.580E-04  0.110E-02
 -2.577  0.824E-01  0.815E-01  0.428E-04  0.939E-03
 -2.557  0.669E-01  0.661E-01  0.286E-04  0.776E-03
 -2.537  0.517E-01  0.511E-01  0.154E-04  0.617E-03
 -2.517  0.371E-01  0.367E-01  0.330E-05  0.465E-03
 -2.497  0.235E-01  0.232E-01 -0.769E-05  0.325E-03
 -2.477  0.110E-01  0.108E-01 -0.175E-04  0.197E-03
 -2.457 -0.130E-03 -0.189E-03 -0.261E-04  0.848E-04
 -2.437 -0.964E-02 -0.960E-02 -0.332E-04 -0.111E-04
 -2.417 -0.173E-01 -0.172E-01 -0.388E-04 -0.892E-04
 -2.397 -0.230E-01 -0.228E-01 -0.425E-04 -0.148E-03
 -2.377 -0.264E-01 -0.262E-01 -0.440E-04 -0.187E-03
 -2.357 -0.273E-01 -0.270E-01 -0.430E-04 -0.205E-03
 -2.337 -0.253E-01 -0.251E-01 -0.388E-04 -0.200E-03
 -2.317 -0.202E-01 -0.200E-01 -0.311E-04 -0.172E-03
 -2.297 -0.117E-01 -0.116E-01 -0.194E-04 -0.118E-03
 -2.277  0.504E-03  0.545E-03 -0.308E-05 -0.381E-04
 -2.257  0.167E-01  0.166E-01  0.181E-04  0.689E-04
 -2.237  0.368E-01  0.366E-01  0.445E-04  0.203E-03
 -2.217  0.611E-01  0.606E-01  0.760E-04  0.365E-03
 -2.197  0.891E-01  0.884E-01  0.112E-03  0.552E-03
 -2.177  0.121E+00  0.120E+00  0.153E-03  0.762E-03
 -2.157  0.155E+00  0.154E+00  0.198E-03  0.991E-03
 -2.137  0.192E+00  0.190E+00  0.245E-03  0.123E-02
 -2.117  0.229E+00  0.227E+00  0.294E-03  0.148E-02
 -2.097  0.267E+00  0.265E+00  0.343E-03  0.174E-02
 -2.077  0.303E+00  0.301E+00  0.390E-03  0.198E-02
 -2.057  0.337E+00  0.334E+00  0.435E-03  0.220E-02
 -2.037  0.366E+00  0.363E+00  0.475E-03  0.240E-02
 -2.017  0.391E+00  0.388E+00  0.509E-03  0.257E-02
 -1.997  0.409E+00  0.406E+00  0.538E-03  0.269E-02
 -1.977  0.421E+00  0.417E+00  0.561E-03  0.277E-02
 -1.957  0.424E+00  0.421E+00  0.577E-03  0.281E-02
 -1.937  0.421E+00  0.417E+00  0.589E-03  0.279E-02
 -1.917  0.409E+00  0.406E+00  0.597E-03  0.272E-02
 -1.897  0.391E+00  0.388E+00  0.603E-03  0.260E-02
 -1.877  0.366E+00  0.363E+00  0.609E-03  0.245E-02
 -1.857  0.337E+00  0.334E+00  0.617E-03  0.226E-02
 -1.837  0.304E+00  0.301E+00  0.630E-03  0.204E-02
 -1.817  0.268E+00  0.266E+00  0.649E-03  0.181E-02
 -1.797  0.232E+00  0.230E+00  0.677E-03  0.156E-02
 -1.777  0.196E+00  0.194E+00  0.714E-03  0.132E-02
 -1.757  0.162E+00  0.160E+00  0.761E-03  0.109E-02
 -1.737  0.131E+00  0.129E+00  0.818E-03  0.871E-03
 -1.717  0.103E+00  0.102E+00  0.884E-03  0.674E-03
 -1.697  0.808E-01  0.793E-01  0.957E-03  0.503E-03
 -1.677  0.631E-01  0.617E-01  0.104E-02  0.359E-03
 -1.657  0.506E-01  0.493E-01  0.112E-02  0.244E-03
 -1.637  0.433E-01  0.419E-01  0.120E-02  0.157E-03
 -1.617  0.408E-01  0.394E-01  0.128E-02  0.980E-04
 -1.597  0.427E-01  0.413E-01  0.135E-02  0.631E-04
 -1.577  0.486E-01  0.471E-01  0.142E-02  0.496E-04
 -1.557  0.576E-01  0.561E-01  0.148E-02  0.538E-04
 -1.537  0.692E-01  0.676E-01  0.153E-02  0.718E-04
 -1.517  0.825E-01  0.808E-01  0.157E-02  0.998E-04
 -1.497  0.969E-01  0.952E-01  0.160E-02  0.134E-03
 -1.477  0.112E+00  0.110E+00  0.162E-02  0.172E-03
 -1.457  0.126E+00  0.125E+00  0.163E-02  0.209E-03
 -1.437  0.140E+00  0.139E+00  0.163E-02  0.244E-03
 -1.417  0.153E+00  0.152E+00  0.163E-02  0.275E-03
 -1.397  0.165E+00  0.163E+00  0.163E-02  0.301E-03
 -1.377  0.175E+00  0.173E+00  0.163E-02  0.321E-03
 -1.357  0.184E+00  0.182E+00  0.163E-02  0.335E-03
 -1.337  0.191E+00  0.189E+00  0.163E-02  0.343E-03
 -1.317  0.196E+00  0.194E+00  0.164E-02  0.345E-03
 -1.297  0.200E+00  0.198E+00  0.164E-02  0.343E-03
 -1.277  0.202E+00  0.200E+00  0.166E-02  0.338E-03
 -1.257  0.203E+00  0.201E+00  0.167E-02  0.331E-03
 -1.237  0.203E+00  0.201E+00  0.169E-02  0.323E-03
 -1.217  0.202E+00  0.200E+00  0.171E-02  0.315E-03
 -1.197  0.201E+00  0.199E+00  0.172E-02  0.308E-03
 -1.177  0.199E+00  0.196E+00  0.173E-02  0.304E-03
 -1.157  0.196E+00  0.194E+00  0.174E-02  0.303E-03
 -1.137  0.192E+00  0.190E+00  0.174E-02  0.305E-03
 -1.117  0.188E+00  0.186E+00  0.173E-02  0.311E-03
 -1.097  0.184E+00  0.182E+00  0.171E-02  0.320E-03
 -1.077  0.179E+00  0.177E+00  0.168E-02  0.333E-03
 -1.057  0.173E+00  0.171E+00  0.164E-02  0.347E-03
 -1.037  0.168E+00  0.166E+00  0.159E-02  0.364E-03
 -1.017  0.162E+00  0.160E+00  0.154E-02  0.382E-03
 -0.997  0.156E+00  0.154E+00  0.148E-02  0.400E-03
 -0.977  0.150E+00  0.148E+00  0.142E-02  0.417E-03
 -0.957  0.143E+00  0.142E+00  0.136E-02  0.432E-03
 -0.937  0.137E+00  0.136E+00  0.130E-02  0.445E-03
 -0.917  0.131E+00  0.130E+00  0.124E-02  0.455E-03
 -0.897  0.126E+00  0.124E+00  0.120E-02  0.461E-03
 -0.877  0.120E+00  0.119E+00  0.116E-02  0.462E-03
 -0.857  0.116E+00  0.114E+00  0.114E-02  0.460E-03
 -0.837  0.111E+00  0.110E+00  0.113E-02  0.453E-03
 -0.817  0.108E+00  0.106E+00  0.113E-02  0.442E-03
 -0.797  0.105E+00  0.103E+00  0.115E-02  0.428E-03
 -0.777  0.103E+00  0.101E+00  0.118E-02  0.411E-03
 -0.757  0.101E+00  0.997E-01  0.122E-02  0.391E-03
 -0.737  0.100E+00  0.988E-01  0.128E-02  0.370E-03
 -0.717  0.100E+00  0.986E-01  0.136E-02  0.349E-03
 -0.697  0.101E+00  0.989E-01  0.144E-02  0.328E-03
 -0.677  0.101E+00  0.996E-01  0.153E-02  0.309E-03
 -0.657  0.103E+00  0.101E+00  0.162E-02  0.292E-03
 -0.637  0.104E+00  0.102E+00  0.172E-02  0.278E-03
 -0.617  0.106E+00  0.103E+00  0.181E-02  0.267E-03
 -0.597  0.107E+00  0.105E+00  0.191E-02  0.261E-03
 -0.577  0.108E+00  0.106E+00  0.200E-02  0.258E-03
 -0.557  0.109E+00  0.107E+00  0.208E-02  0.260E-03
 -0.537  0.110E+00  0.108E+00  0.214E-02  0.266E-03
 -0.517  0.111E+00  0.108E+00  0.220E-02  0.275E-03
 -0.497  0.111E+00  0.108E+00  0.224E-02  0.287E-03
 -0.477  0.110E+00  0.107E+00  0.227E-02  0.301E-03
 -0.457  0.109E+00  0.107E+00  0.228E-02  0.317E-03
 -0.437  0.108E+00  0.105E+00  0.227E-02  0.333E-03
 -0.417  0.106E+00  0.104E+00  0.224E-02  0.350E-03
 -0.397  0.104E+00  0.102E+00  0.220E-02  0.366E-03
 -0.377  0.102E+00  0.999E-01  0.214E-02  0.382E-03
 -0.357  0.100E+00  0.980E-01  0.207E-02  0.396E-03
 -0.337  0.987E-01  0.963E-01  0.198E-02  0.410E-03
 -0.317  0.972E-01  0.949E-01  0.189E-02  0.424E-03
 -0.297  0.961E-01  0.938E-01  0.180E-02  0.437E-03
 -0.277  0.954E-01  0.933E-01  0.170E-02  0.452E-03
 -0.257  0.954E-01  0.933E-01  0.161E-02  0.469E-03
 -0.237  0.959E-01  0.939E-01  0.153E-02  0.488E-03
 -0.217  0.971E-01  0.952E-01  0.145E-02  0.511E-03
 -0.197  0.989E-01  0.970E-01  0.139E-02  0.540E-03
 -0.177  0.101E+00  0.994E-01  0.135E-02  0.574E-03
 -0.157  0.104E+00  0.102E+00  0.132E-02  0.614E-03
 -0.137  0.108E+00  0.106E+00  0.132E-02  0.661E-03
 -0.117  0.111E+00  0.109E+00  0.133E-02  0.716E-03
 -0.097  0.115E+00  0.113E+00  0.137E-02  0.778E-03
 -0.077  0.119E+00  0.117E+00  0.143E-02  0.846E-03
 -0.057  0.123E+00  0.121E+00  0.150E-02  0.921E-03
 -0.037  0.127E+00  0.124E+00  0.159E-02  0.100E-02
 -0.017  0.130E+00  0.127E+00  0.168E-02  0.109E-02
  0.003  0.132E+00  0.129E+00  0.179E-02  0.118E-02
  0.023  0.134E+00  0.131E+00  0.190E-02  0.127E-02
  0.043  0.136E+00  0.132E+00  0.201E-02  0.137E-02
  0.063  0.136E+00  0.132E+00  0.212E-02  0.147E-02
  0.083  0.136E+00  0.132E+00  0.222E-02  0.158E-02
  0.103  0.135E+00  0.131E+00  0.231E-02  0.168E-02
  0.123  0.133E+00  0.128E+00  0.238E-02  0.179E-02
  0.143  0.130E+00  0.126E+00  0.244E-02  0.191E-02
  0.163  0.127E+00  0.123E+00  0.248E-02  0.202E-02
  0.183  0.124E+00  0.119E+00  0.250E-02  0.215E-02
  0.203  0.120E+00  0.115E+00  0.251E-02  0.227E-02
  0.223  0.116E+00  0.111E+00  0.249E-02  0.241E-02
  0.243  0.112E+00  0.107E+00  0.247E-02  0.255E-02
  0.263  0.109E+00  0.104E+00  0.242E-02  0.269E-02
  0.283  0.105E+00  0.100E+00  0.237E-02  0.284E-02
  0.303  0.102E+00  0.969E-01  0.230E-02  0.299E-02
  0.323  0.995E-01  0.941E-01  0.223E-02  0.315E-02
  0.343  0.973E-01  0.918E-01  0.215E-02  0.330E-02
  0.363  0.955E-01  0.900E-01  0.208E-02  0.344E-02
  0.383  0.943E-01  0.887E-01  0.200E-02  0.358E-02
  0.403  0.935E-01  0.879E-01  0.193E-02  0.371E-02
  0.423  0.932E-01  0.876E-01  0.186E-02  0.383E-02
  0.443  0.934E-01  0.876E-01  0.181E-02  0.393E-02
  0.463  0.939E-01  0.881E-01  0.176E-02  0.402E-02
  0.483  0.947E-01  0.889E-01  0.172E-02  0.408E-02
  0.503  0.957E-01  0.899E-01  0.170E-02  0.412E-02
  0.523  0.969E-01  0.911E-01  0.169E-02  0.414E-02
  0.543  0.982E-01  0.924E-01  0.168E-02  0.413E-02
  0.563  0.995E-01  0.937E-01  0.169E-02  0.410E-02
  0.583  0.101E+00  0.950E-01  0.171E-02  0.404E-02
  0.603  0.102E+00  0.962E-01  0.173E-02  0.396E-02
  0.623  0.103E+00  0.972E-01  0.175E-02  0.386E-02
  0.643  0.103E+00  0.979E-01  0.178E-02  0.374E-02
  0.663  0.104E+00  0.984E-01  0.180E-02  0.360E-02
  0.683  0.104E+00  0.985E-01  0.182E-02  0.344E-02
  0.703  0.103E+00  0.982E-01  0.184E-02  0.327E-02
  0.723  0.102E+00  0.974E-01  0.184E-02  0.309E-02
  0.743  0.101E+00  0.962E-01  0.184E-02  0.289E-02
  0.763  0.988E-01  0.943E-01  0.182E-02  0.269E-02
  0.783  0.962E-01  0.920E-01  0.179E-02  0.248E-02
  0.803  0.930E-01  0.890E-01  0.174E-02  0.227E-02
  0.823  0.892E-01  0.855E-01  0.168E-02  0.206E-02
  0.843  0.848E-01  0.814E-01  0.160E-02  0.185E-02
  0.863  0.800E-01  0.768E-01  0.151E-02  0.164E-02
  0.883  0.746E-01  0.718E-01  0.140E-02  0.143E-02
  0.903  0.689E-01  0.663E-01  0.129E-02  0.124E-02
  0.923  0.628E-01  0.606E-01  0.117E-02  0.105E-02
  0.943  0.566E-01  0.547E-01  0.105E-02  0.874E-03
  0.963  0.503E-01  0.486E-01  0.922E-03  0.710E-03
  0.983  0.440E-01  0.426E-01  0.797E-03  0.562E-03
  1.003  0.378E-01  0.367E-01  0.675E-03  0.428E-03
  1.023  0.319E-01  0.310E-01  0.558E-03  0.311E-03
  1.043  0.263E-01  0.256E-01  0.449E-03  0.210E-03
  1.063  0.211E-01  0.206E-01  0.350E-03  0.125E-03
  1.083  0.164E-01  0.161E-01  0.261E-03  0.552E-04
  1.103  0.122E-01  0.120E-01  0.184E-03  0.132E-06
  1.123  0.852E-02  0.845E-02  0.118E-03 -0.418E-04
  1.143  0.542E-02  0.543E-02  0.632E-04 -0.719E-04
  1.163  0.286E-02  0.293E-02  0.194E-04 -0.919E-04
  1.183  0.799E-03  0.917E-03 -0.144E-04 -0.103E-03
  1.203 -0.787E-03 -0.640E-03 -0.392E-04 -0.108E-03
  1.223 -0.195E-02 -0.179E-02 -0.562E-04 -0.107E-03
  1.243 -0.275E-02 -0.258E-02 -0.665E-04 -0.102E-03
  1.263 -0.323E-02 -0.307E-02 -0.715E-04 -0.947E-04
  1.283 -0.347E-02 -0.331E-02 -0.722E-04 -0.855E-04
  1.303 -0.350E-02 -0.335E-02 -0.698E-04 -0.755E-04
  1.323 -0.338E-02 -0.325E-02 -0.652E-04 -0.654E-04
  1.343 -0.316E-02 -0.305E-02 -0.591E-04 -0.555E-04
  1.363 -0.288E-02 -0.278E-02 -0.524E-04 -0.464E-04
  1.383 -0.256E-02 -0.247E-02 -0.454E-04 -0.381E-04
  1.403 -0.222E-02 -0.215E-02 -0.386E-04 -0.309E-04
  1.423 -0.189E-02 -0.184E-02 -0.323E-04 -0.246E-04
  1.443 -0.159E-02 -0.154E-02 -0.265E-04 -0.194E-04
  1.463 -0.131E-02 -0.127E-02 -0.214E-04 -0.150E-04
  1.483 -0.106E-02 -0.103E-02 -0.171E-04 -0.115E-04
  1.503 -0.848E-03 -0.826E-03 -0.134E-04 -0.871E-05
  1.523 -0.668E-03 -0.651E-03 -0.104E-04 -0.651E-05
  1.543 -0.519E-03 -0.506E-03 -0.791E-05 -0.480E-05
  1.563 -0.397E-03 -0.388E-03 -0.596E-05 -0.350E-05
  1.583 -0.300E-03 -0.293E-03 -0.443E-05 -0.252E-05
  1.603 -0.224E-03 -0.219E-03 -0.326E-05 -0.180E-05
  1.623 -0.165E-03 -0.162E-03 -0.236E-05 -0.126E-05
  1.643 -0.120E-03 -0.118E-03 -0.169E-05 -0.880E-06
  1.663 -0.864E-04 -0.846E-04 -0.120E-05 -0.605E-06
  1.683 -0.613E-04 -0.601E-04 -0.836E-06 -0.412E-06
  1.703 -0.430E-04 -0.422E-04 -0.578E-06 -0.277E-06
  1.723 -0.298E-04 -0.292E-04 -0.394E-06 -0.185E-06
  1.743 -0.204E-04 -0.200E-04 -0.266E-06 -0.122E-06
  1.763 -0.138E-04 -0.136E-04 -0.178E-06 -0.792E-07
  1.783 -0.924E-05 -0.907E-05 -0.117E-06 -0.510E-07
