# E (eV)   ldos(E)   pdos(E)    pdos(E)    pdos(E)   
-22.897 -0.215E-05 -0.138E-09 -0.192E-05 -0.234E-06
-22.877 -0.318E-05 -0.207E-09 -0.284E-05 -0.348E-06
-22.857 -0.465E-05 -0.307E-09 -0.414E-05 -0.511E-06
-22.837 -0.671E-05 -0.449E-09 -0.597E-05 -0.743E-06
-22.817 -0.955E-05 -0.649E-09 -0.849E-05 -0.107E-05
-22.797 -0.134E-04 -0.926E-09 -0.119E-04 -0.151E-05
-22.777 -0.186E-04 -0.130E-08 -0.165E-04 -0.212E-05
-22.757 -0.255E-04 -0.181E-08 -0.226E-04 -0.293E-05
-22.737 -0.344E-04 -0.249E-08 -0.304E-04 -0.400E-05
-22.717 -0.459E-04 -0.337E-08 -0.405E-04 -0.541E-05
-22.697 -0.602E-04 -0.450E-08 -0.530E-04 -0.723E-05
-22.677 -0.779E-04 -0.593E-08 -0.684E-04 -0.954E-05
-22.657 -0.993E-04 -0.770E-08 -0.869E-04 -0.125E-04
-22.637 -0.125E-03 -0.985E-08 -0.109E-03 -0.161E-04
-22.617 -0.154E-03 -0.124E-07 -0.133E-03 -0.205E-04
-22.597 -0.187E-03 -0.154E-07 -0.161E-03 -0.260E-04
-22.577 -0.223E-03 -0.188E-07 -0.190E-03 -0.325E-04
-22.557 -0.260E-03 -0.226E-07 -0.220E-03 -0.404E-04
-22.537 -0.298E-03 -0.266E-07 -0.248E-03 -0.497E-04
-22.517 -0.333E-03 -0.308E-07 -0.272E-03 -0.608E-04
-22.497 -0.363E-03 -0.349E-07 -0.289E-03 -0.739E-04
-22.477 -0.383E-03 -0.388E-07 -0.294E-03 -0.894E-04
-22.457 -0.390E-03 -0.420E-07 -0.283E-03 -0.108E-03
-22.437 -0.379E-03 -0.444E-07 -0.249E-03 -0.129E-03
-22.417 -0.343E-03 -0.455E-07 -0.188E-03 -0.155E-03
-22.397 -0.279E-03 -0.450E-07 -0.941E-04 -0.185E-03
-22.377 -0.181E-03 -0.425E-07  0.392E-04 -0.220E-03
-22.357 -0.456E-04 -0.379E-07  0.216E-03 -0.262E-03
-22.337  0.131E-03 -0.310E-07  0.441E-03 -0.310E-03
-22.317  0.349E-03 -0.218E-07  0.714E-03 -0.365E-03
-22.297  0.610E-03 -0.107E-07  0.104E-02 -0.427E-03
-22.277  0.911E-03  0.213E-08  0.141E-02 -0.494E-03
-22.257  0.125E-02  0.159E-07  0.182E-02 -0.565E-03
-22.237  0.162E-02  0.300E-07  0.226E-02 -0.636E-03
-22.217  0.202E-02  0.434E-07  0.272E-02 -0.701E-03
-22.197  0.244E-02  0.552E-07  0.319E-02 -0.752E-03
-22.177  0.288E-02  0.647E-07  0.366E-02 -0.780E-03
-22.157  0.332E-02  0.714E-07  0.410E-02 -0.771E-03
-22.137  0.379E-02  0.750E-07  0.450E-02 -0.709E-03
-22.117  0.426E-02  0.762E-07  0.484E-02 -0.577E-03
-22.097  0.476E-02  0.761E-07  0.512E-02 -0.354E-03
-22.077  0.529E-02  0.770E-07  0.531E-02 -0.195E-04
-22.057  0.586E-02  0.820E-07  0.542E-02  0.448E-03
-22.037  0.650E-02  0.957E-07  0.543E-02  0.107E-02
-22.017  0.721E-02  0.123E-06  0.535E-02  0.186E-02
-21.997  0.803E-02  0.172E-06  0.519E-02  0.284E-02
-21.977  0.895E-02  0.248E-06  0.494E-02  0.401E-02
-21.957  0.100E-01  0.360E-06  0.464E-02  0.537E-02
-21.937  0.112E-01  0.518E-06  0.428E-02  0.691E-02
-21.917  0.125E-01  0.727E-06  0.389E-02  0.862E-02
-21.897  0.140E-01  0.998E-06  0.349E-02  0.105E-01
-21.877  0.155E-01  0.134E-05  0.309E-02  0.124E-01
-21.857  0.172E-01  0.175E-05  0.270E-02  0.144E-01
-21.837  0.188E-01  0.224E-05  0.235E-02  0.165E-01
-21.817  0.205E-01  0.280E-05  0.204E-02  0.185E-01
-21.797  0.222E-01  0.345E-05  0.179E-02  0.204E-01
-21.777  0.238E-01  0.416E-05  0.159E-02  0.222E-01
-21.757  0.252E-01  0.494E-05  0.145E-02  0.238E-01
-21.737  0.265E-01  0.577E-05  0.136E-02  0.252E-01
-21.717  0.276E-01  0.663E-05  0.133E-02  0.263E-01
-21.697  0.285E-01  0.752E-05  0.134E-02  0.272E-01
-21.677  0.292E-01  0.840E-05  0.139E-02  0.278E-01
-21.657  0.297E-01  0.926E-05  0.147E-02  0.282E-01
-21.637  0.300E-01  0.101E-04  0.156E-02  0.284E-01
-21.617  0.301E-01  0.108E-04  0.166E-02  0.285E-01
-21.597  0.301E-01  0.114E-04  0.176E-02  0.283E-01
-21.577  0.300E-01  0.119E-04  0.186E-02  0.281E-01
-21.557  0.298E-01  0.122E-04  0.193E-02  0.279E-01
-21.537  0.297E-01  0.123E-04  0.198E-02  0.277E-01
-21.517  0.295E-01  0.122E-04  0.201E-02  0.275E-01
-21.497  0.294E-01  0.118E-04  0.200E-02  0.274E-01
-21.477  0.294E-01  0.111E-04  0.196E-02  0.274E-01
-21.457  0.295E-01  0.100E-04  0.188E-02  0.276E-01
-21.437  0.297E-01  0.859E-05  0.177E-02  0.279E-01
-21.417  0.299E-01  0.670E-05  0.162E-02  0.283E-01
-21.397  0.303E-01  0.432E-05  0.143E-02  0.288E-01
-21.377  0.306E-01  0.141E-05  0.120E-02  0.294E-01
-21.357  0.310E-01 -0.205E-05  0.935E-03  0.301E-01
-21.337  0.314E-01 -0.606E-05  0.636E-03  0.308E-01
-21.317  0.317E-01 -0.106E-04  0.306E-03  0.314E-01
-21.297  0.319E-01 -0.155E-04 -0.473E-04  0.320E-01
-21.277  0.320E-01 -0.207E-04 -0.412E-03  0.325E-01
-21.257  0.320E-01 -0.258E-04 -0.771E-03  0.328E-01
-21.237  0.319E-01 -0.305E-04 -0.110E-02  0.330E-01
-21.217  0.316E-01 -0.340E-04 -0.136E-02  0.330E-01
-21.197  0.314E-01 -0.356E-04 -0.150E-02  0.329E-01
-21.177  0.311E-01 -0.341E-04 -0.146E-02  0.326E-01
-21.157  0.309E-01 -0.284E-04 -0.115E-02  0.321E-01
-21.137  0.309E-01 -0.167E-04 -0.497E-03  0.314E-01
-21.117  0.312E-01  0.271E-05  0.629E-03  0.306E-01
-21.097  0.320E-01  0.320E-04  0.235E-02  0.296E-01
-21.077  0.334E-01  0.735E-04  0.481E-02  0.285E-01
-21.057  0.356E-01  0.129E-03  0.814E-02  0.273E-01
-21.037  0.388E-01  0.202E-03  0.125E-01  0.261E-01
-21.017  0.431E-01  0.293E-03  0.180E-01  0.248E-01
-20.997  0.487E-01  0.405E-03  0.247E-01  0.236E-01
-20.977  0.557E-01  0.539E-03  0.328E-01  0.224E-01
-20.957  0.642E-01  0.694E-03  0.423E-01  0.212E-01
-20.937  0.741E-01  0.872E-03  0.530E-01  0.202E-01
-20.917  0.854E-01  0.107E-02  0.650E-01  0.193E-01
-20.897  0.980E-01  0.128E-02  0.781E-01  0.187E-01
-20.877  0.112E+00  0.151E-02  0.919E-01  0.182E-01
-20.857  0.126E+00  0.174E-02  0.106E+00  0.180E-01
-20.837  0.141E+00  0.198E-02  0.121E+00  0.180E-01
-20.817  0.155E+00  0.221E-02  0.135E+00  0.183E-01
-20.797  0.169E+00  0.242E-02  0.148E+00  0.188E-01
-20.777  0.183E+00  0.262E-02  0.160E+00  0.196E-01
-20.757  0.194E+00  0.278E-02  0.171E+00  0.207E-01
-20.737  0.204E+00  0.292E-02  0.179E+00  0.219E-01
-20.717  0.211E+00  0.301E-02  0.184E+00  0.234E-01
-20.697  0.215E+00  0.305E-02  0.187E+00  0.249E-01
-20.677  0.217E+00  0.305E-02  0.187E+00  0.266E-01
-20.657  0.216E+00  0.300E-02  0.184E+00  0.283E-01
-20.637  0.212E+00  0.290E-02  0.179E+00  0.300E-01
-20.617  0.205E+00  0.276E-02  0.170E+00  0.317E-01
-20.597  0.196E+00  0.259E-02  0.160E+00  0.333E-01
-20.577  0.184E+00  0.239E-02  0.147E+00  0.349E-01
-20.557  0.172E+00  0.216E-02  0.133E+00  0.363E-01
-20.537  0.158E+00  0.192E-02  0.119E+00  0.375E-01
-20.517  0.144E+00  0.167E-02  0.103E+00  0.386E-01
-20.497  0.129E+00  0.143E-02  0.883E-01  0.396E-01
-20.477  0.115E+00  0.120E-02  0.738E-01  0.404E-01
-20.457  0.102E+00  0.978E-03  0.603E-01  0.411E-01
-20.437  0.904E-01  0.782E-03  0.481E-01  0.416E-01
-20.417  0.799E-01  0.611E-03  0.374E-01  0.419E-01
-20.397  0.709E-01  0.468E-03  0.283E-01  0.422E-01
-20.377  0.635E-01  0.352E-03  0.209E-01  0.423E-01
-20.357  0.577E-01  0.264E-03  0.151E-01  0.423E-01
-20.337  0.534E-01  0.201E-03  0.109E-01  0.422E-01
-20.317  0.504E-01  0.162E-03  0.812E-02  0.421E-01
-20.297  0.486E-01  0.142E-03  0.656E-02  0.419E-01
-20.277  0.478E-01  0.139E-03  0.601E-02  0.416E-01
-20.257  0.477E-01  0.149E-03  0.626E-02  0.413E-01
-20.237  0.482E-01  0.168E-03  0.710E-02  0.410E-01
-20.217  0.491E-01  0.193E-03  0.831E-02  0.406E-01
-20.197  0.502E-01  0.220E-03  0.973E-02  0.402E-01
-20.177  0.513E-01  0.248E-03  0.112E-01  0.399E-01
-20.157  0.524E-01  0.273E-03  0.126E-01  0.395E-01
-20.137  0.533E-01  0.294E-03  0.139E-01  0.392E-01
-20.117  0.541E-01  0.311E-03  0.149E-01  0.389E-01
-20.097  0.546E-01  0.322E-03  0.157E-01  0.386E-01
-20.077  0.549E-01  0.328E-03  0.162E-01  0.383E-01
-20.057  0.549E-01  0.329E-03  0.165E-01  0.381E-01
-20.037  0.548E-01  0.326E-03  0.165E-01  0.379E-01
-20.017  0.545E-01  0.320E-03  0.164E-01  0.377E-01
-19.997  0.541E-01  0.311E-03  0.162E-01  0.376E-01
-19.977  0.536E-01  0.302E-03  0.158E-01  0.375E-01
-19.957  0.532E-01  0.292E-03  0.154E-01  0.374E-01
-19.937  0.527E-01  0.283E-03  0.151E-01  0.374E-01
-19.917  0.523E-01  0.277E-03  0.147E-01  0.373E-01
-19.897  0.520E-01  0.272E-03  0.144E-01  0.373E-01
-19.877  0.518E-01  0.271E-03  0.142E-01  0.373E-01
-19.857  0.517E-01  0.273E-03  0.141E-01  0.373E-01
-19.837  0.517E-01  0.279E-03  0.141E-01  0.374E-01
-19.817  0.518E-01  0.287E-03  0.141E-01  0.374E-01
-19.797  0.519E-01  0.298E-03  0.142E-01  0.374E-01
-19.777  0.521E-01  0.311E-03  0.144E-01  0.374E-01
-19.757  0.523E-01  0.325E-03  0.145E-01  0.374E-01
-19.737  0.524E-01  0.339E-03  0.147E-01  0.374E-01
-19.717  0.524E-01  0.353E-03  0.148E-01  0.373E-01
-19.697  0.524E-01  0.366E-03  0.148E-01  0.372E-01
-19.677  0.522E-01  0.377E-03  0.148E-01  0.370E-01
-19.657  0.518E-01  0.384E-03  0.147E-01  0.367E-01
-19.637  0.512E-01  0.388E-03  0.145E-01  0.364E-01
-19.617  0.505E-01  0.389E-03  0.141E-01  0.360E-01
-19.597  0.496E-01  0.384E-03  0.137E-01  0.355E-01
-19.577  0.485E-01  0.376E-03  0.131E-01  0.350E-01
-19.557  0.472E-01  0.363E-03  0.124E-01  0.344E-01
-19.537  0.458E-01  0.345E-03  0.116E-01  0.338E-01
-19.517  0.443E-01  0.324E-03  0.108E-01  0.332E-01
-19.497  0.427E-01  0.300E-03  0.989E-02  0.326E-01
-19.477  0.411E-01  0.273E-03  0.893E-02  0.319E-01
-19.457  0.395E-01  0.243E-03  0.794E-02  0.313E-01
-19.437  0.380E-01  0.213E-03  0.695E-02  0.308E-01
-19.417  0.365E-01  0.182E-03  0.598E-02  0.303E-01
-19.397  0.351E-01  0.152E-03  0.503E-02  0.299E-01
-19.377  0.338E-01  0.122E-03  0.414E-02  0.296E-01
-19.357  0.327E-01  0.946E-04  0.330E-02  0.293E-01
-19.337  0.318E-01  0.692E-04  0.255E-02  0.292E-01
-19.317  0.310E-01  0.465E-04  0.188E-02  0.291E-01
-19.297  0.304E-01  0.269E-04  0.131E-02  0.290E-01
-19.277  0.299E-01  0.108E-04  0.851E-03  0.291E-01
-19.257  0.296E-01 -0.162E-05  0.506E-03  0.291E-01
-19.237  0.295E-01 -0.102E-04  0.285E-03  0.293E-01
-19.217  0.296E-01 -0.149E-04  0.195E-03  0.294E-01
-19.197  0.298E-01 -0.157E-04  0.244E-03  0.296E-01
-19.177  0.301E-01 -0.125E-04  0.438E-03  0.297E-01
-19.157  0.306E-01 -0.549E-05  0.783E-03  0.299E-01
-19.137  0.313E-01  0.529E-05  0.129E-02  0.300E-01
-19.117  0.321E-01  0.197E-04  0.196E-02  0.301E-01
-19.097  0.330E-01  0.374E-04  0.279E-02  0.302E-01
-19.077  0.341E-01  0.581E-04  0.380E-02  0.303E-01
-19.057  0.353E-01  0.816E-04  0.498E-02  0.303E-01
-19.037  0.367E-01  0.107E-03  0.633E-02  0.302E-01
-19.017  0.382E-01  0.135E-03  0.785E-02  0.302E-01
-18.997  0.397E-01  0.163E-03  0.954E-02  0.300E-01
-18.977  0.414E-01  0.192E-03  0.114E-01  0.298E-01
-18.957  0.432E-01  0.220E-03  0.134E-01  0.296E-01
-18.937  0.451E-01  0.248E-03  0.155E-01  0.293E-01
-18.917  0.470E-01  0.274E-03  0.177E-01  0.290E-01
-18.897  0.490E-01  0.298E-03  0.201E-01  0.286E-01
-18.877  0.510E-01  0.318E-03  0.225E-01  0.281E-01
-18.857  0.530E-01  0.336E-03  0.250E-01  0.277E-01
-18.837  0.551E-01  0.349E-03  0.275E-01  0.272E-01
-18.817  0.571E-01  0.359E-03  0.301E-01  0.267E-01
-18.797  0.592E-01  0.365E-03  0.326E-01  0.262E-01
-18.777  0.612E-01  0.368E-03  0.350E-01  0.258E-01
-18.757  0.632E-01  0.367E-03  0.374E-01  0.255E-01
-18.737  0.653E-01  0.363E-03  0.396E-01  0.253E-01
-18.717  0.673E-01  0.357E-03  0.417E-01  0.253E-01
-18.697  0.694E-01  0.349E-03  0.436E-01  0.254E-01
-18.677  0.715E-01  0.340E-03  0.454E-01  0.258E-01
-18.657  0.736E-01  0.331E-03  0.469E-01  0.264E-01
-18.637  0.758E-01  0.322E-03  0.483E-01  0.272E-01
-18.617  0.780E-01  0.315E-03  0.494E-01  0.284E-01
-18.597  0.804E-01  0.309E-03  0.503E-01  0.298E-01
-18.577  0.827E-01  0.306E-03  0.510E-01  0.314E-01
-18.557  0.851E-01  0.305E-03  0.516E-01  0.333E-01
-18.537  0.875E-01  0.307E-03  0.519E-01  0.353E-01
-18.517  0.898E-01  0.312E-03  0.521E-01  0.374E-01
-18.497  0.920E-01  0.319E-03  0.522E-01  0.395E-01
-18.477  0.939E-01  0.329E-03  0.520E-01  0.416E-01
-18.457  0.956E-01  0.340E-03  0.518E-01  0.435E-01
-18.437  0.968E-01  0.353E-03  0.513E-01  0.451E-01
-18.417  0.975E-01  0.366E-03  0.507E-01  0.465E-01
-18.397  0.977E-01  0.379E-03  0.499E-01  0.474E-01
-18.377  0.973E-01  0.391E-03  0.489E-01  0.480E-01
-18.357  0.962E-01  0.401E-03  0.477E-01  0.481E-01
-18.337  0.945E-01  0.408E-03  0.464E-01  0.477E-01
-18.317  0.922E-01  0.413E-03  0.448E-01  0.470E-01
-18.297  0.893E-01  0.414E-03  0.430E-01  0.459E-01
-18.277  0.860E-01  0.412E-03  0.411E-01  0.445E-01
-18.257  0.824E-01  0.406E-03  0.390E-01  0.430E-01
-18.237  0.786E-01  0.396E-03  0.368E-01  0.414E-01
-18.217  0.748E-01  0.383E-03  0.345E-01  0.399E-01
-18.197  0.711E-01  0.368E-03  0.322E-01  0.385E-01
-18.177  0.677E-01  0.350E-03  0.299E-01  0.374E-01
-18.157  0.646E-01  0.330E-03  0.276E-01  0.367E-01
-18.137  0.621E-01  0.310E-03  0.255E-01  0.363E-01
-18.117  0.600E-01  0.290E-03  0.234E-01  0.363E-01
-18.097  0.585E-01  0.270E-03  0.216E-01  0.367E-01
-18.077  0.576E-01  0.251E-03  0.199E-01  0.375E-01
-18.057  0.573E-01  0.234E-03  0.184E-01  0.387E-01
-18.037  0.574E-01  0.219E-03  0.171E-01  0.400E-01
-18.017  0.578E-01  0.206E-03  0.161E-01  0.416E-01
-17.997  0.586E-01  0.197E-03  0.152E-01  0.432E-01
-17.977  0.596E-01  0.190E-03  0.146E-01  0.448E-01
-17.957  0.606E-01  0.185E-03  0.141E-01  0.463E-01
-17.937  0.616E-01  0.183E-03  0.138E-01  0.475E-01
-17.917  0.624E-01  0.183E-03  0.137E-01  0.486E-01
-17.897  0.631E-01  0.186E-03  0.136E-01  0.493E-01
-17.877  0.636E-01  0.189E-03  0.137E-01  0.497E-01
-17.857  0.638E-01  0.194E-03  0.138E-01  0.498E-01
-17.837  0.637E-01  0.199E-03  0.140E-01  0.495E-01
-17.817  0.633E-01  0.205E-03  0.142E-01  0.489E-01
-17.797  0.627E-01  0.210E-03  0.144E-01  0.481E-01
-17.777  0.618E-01  0.216E-03  0.146E-01  0.470E-01
-17.757  0.607E-01  0.220E-03  0.148E-01  0.457E-01
-17.737  0.594E-01  0.224E-03  0.149E-01  0.442E-01
-17.717  0.580E-01  0.228E-03  0.151E-01  0.427E-01
-17.697  0.565E-01  0.230E-03  0.151E-01  0.411E-01
-17.677  0.549E-01  0.231E-03  0.152E-01  0.395E-01
-17.657  0.533E-01  0.232E-03  0.152E-01  0.379E-01
-17.637  0.518E-01  0.232E-03  0.151E-01  0.364E-01
-17.617  0.503E-01  0.231E-03  0.150E-01  0.350E-01
-17.597  0.489E-01  0.230E-03  0.149E-01  0.338E-01
-17.577  0.477E-01  0.228E-03  0.148E-01  0.327E-01
-17.557  0.466E-01  0.226E-03  0.146E-01  0.318E-01
-17.537  0.457E-01  0.224E-03  0.144E-01  0.311E-01
-17.517  0.450E-01  0.222E-03  0.142E-01  0.306E-01
-17.497  0.445E-01  0.220E-03  0.141E-01  0.302E-01
-17.477  0.442E-01  0.218E-03  0.139E-01  0.301E-01
-17.457  0.440E-01  0.216E-03  0.137E-01  0.301E-01
-17.437  0.441E-01  0.214E-03  0.136E-01  0.303E-01
-17.417  0.443E-01  0.213E-03  0.134E-01  0.306E-01
-17.397  0.446E-01  0.212E-03  0.133E-01  0.310E-01
-17.377  0.450E-01  0.212E-03  0.132E-01  0.316E-01
-17.357  0.454E-01  0.212E-03  0.131E-01  0.322E-01
-17.337  0.460E-01  0.212E-03  0.130E-01  0.328E-01
-17.317  0.465E-01  0.212E-03  0.129E-01  0.334E-01
-17.297  0.471E-01  0.213E-03  0.128E-01  0.341E-01
-17.277  0.477E-01  0.214E-03  0.127E-01  0.348E-01
-17.257  0.482E-01  0.214E-03  0.126E-01  0.354E-01
-17.237  0.487E-01  0.215E-03  0.125E-01  0.360E-01
-17.217  0.492E-01  0.216E-03  0.125E-01  0.366E-01
-17.197  0.497E-01  0.216E-03  0.124E-01  0.371E-01
-17.177  0.501E-01  0.217E-03  0.124E-01  0.376E-01
-17.157  0.506E-01  0.218E-03  0.124E-01  0.380E-01
-17.137  0.509E-01  0.218E-03  0.124E-01  0.383E-01
-17.117  0.513E-01  0.218E-03  0.125E-01  0.385E-01
-17.097  0.515E-01  0.219E-03  0.127E-01  0.386E-01
-17.077  0.517E-01  0.219E-03  0.129E-01  0.386E-01
-17.057  0.519E-01  0.219E-03  0.132E-01  0.384E-01
-17.037  0.518E-01  0.220E-03  0.136E-01  0.381E-01
-17.017  0.517E-01  0.221E-03  0.140E-01  0.375E-01
-16.997  0.514E-01  0.221E-03  0.144E-01  0.367E-01
-16.977  0.508E-01  0.222E-03  0.150E-01  0.356E-01
-16.957  0.501E-01  0.223E-03  0.155E-01  0.344E-01
-16.937  0.491E-01  0.225E-03  0.161E-01  0.328E-01
-16.917  0.479E-01  0.226E-03  0.166E-01  0.311E-01
-16.897  0.465E-01  0.228E-03  0.172E-01  0.291E-01
-16.877  0.449E-01  0.229E-03  0.177E-01  0.270E-01
-16.857  0.431E-01  0.230E-03  0.182E-01  0.247E-01
-16.837  0.412E-01  0.232E-03  0.187E-01  0.223E-01
-16.817  0.392E-01  0.233E-03  0.191E-01  0.199E-01
-16.797  0.372E-01  0.234E-03  0.195E-01  0.175E-01
-16.777  0.352E-01  0.235E-03  0.198E-01  0.151E-01
-16.757  0.332E-01  0.236E-03  0.201E-01  0.129E-01
-16.737  0.315E-01  0.237E-03  0.205E-01  0.108E-01
-16.717  0.299E-01  0.238E-03  0.208E-01  0.891E-02
-16.697  0.287E-01  0.239E-03  0.212E-01  0.727E-02
-16.677  0.277E-01  0.240E-03  0.216E-01  0.589E-02
-16.657  0.272E-01  0.241E-03  0.221E-01  0.479E-02
-16.637  0.270E-01  0.243E-03  0.228E-01  0.399E-02
-16.617  0.273E-01  0.245E-03  0.236E-01  0.348E-02
-16.597  0.280E-01  0.248E-03  0.245E-01  0.327E-02
-16.577  0.292E-01  0.251E-03  0.256E-01  0.334E-02
-16.557  0.309E-01  0.254E-03  0.270E-01  0.369E-02
-16.537  0.330E-01  0.258E-03  0.285E-01  0.428E-02
-16.517  0.355E-01  0.262E-03  0.301E-01  0.510E-02
-16.497  0.384E-01  0.267E-03  0.320E-01  0.611E-02
-16.477  0.415E-01  0.271E-03  0.339E-01  0.727E-02
-16.457  0.447E-01  0.275E-03  0.359E-01  0.854E-02
-16.437  0.480E-01  0.278E-03  0.379E-01  0.985E-02
-16.417  0.513E-01  0.281E-03  0.398E-01  0.112E-01
-16.397  0.543E-01  0.282E-03  0.416E-01  0.124E-01
-16.377  0.569E-01  0.282E-03  0.432E-01  0.135E-01
-16.357  0.591E-01  0.279E-03  0.444E-01  0.144E-01
-16.337  0.605E-01  0.275E-03  0.452E-01  0.151E-01
-16.317  0.613E-01  0.268E-03  0.456E-01  0.154E-01
-16.297  0.612E-01  0.259E-03  0.454E-01  0.155E-01
-16.277  0.602E-01  0.247E-03  0.447E-01  0.152E-01
-16.257  0.584E-01  0.232E-03  0.435E-01  0.147E-01
-16.237  0.558E-01  0.216E-03  0.417E-01  0.139E-01
-16.217  0.525E-01  0.197E-03  0.394E-01  0.129E-01
-16.197  0.487E-01  0.178E-03  0.367E-01  0.118E-01
-16.177  0.446E-01  0.157E-03  0.336E-01  0.109E-01
-16.157  0.406E-01  0.137E-03  0.303E-01  0.101E-01
-16.137  0.368E-01  0.117E-03  0.268E-01  0.985E-02
-16.117  0.337E-01  0.984E-04  0.234E-01  0.102E-01
-16.097  0.315E-01  0.825E-04  0.200E-01  0.114E-01
-16.077  0.307E-01  0.697E-04  0.169E-01  0.137E-01
-16.057  0.313E-01  0.607E-04  0.142E-01  0.171E-01
-16.037  0.338E-01  0.562E-04  0.119E-01  0.219E-01
-16.017  0.383E-01  0.567E-04  0.101E-01  0.282E-01
-15.997  0.447E-01  0.623E-04  0.884E-02  0.358E-01
-15.977  0.532E-01  0.733E-04  0.820E-02  0.449E-01
-15.957  0.635E-01  0.894E-04  0.813E-02  0.553E-01
-15.937  0.754E-01  0.110E-03  0.861E-02  0.667E-01
-15.917  0.886E-01  0.136E-03  0.959E-02  0.789E-01
-15.897  0.103E+00  0.165E-03  0.110E-01  0.916E-01
-15.877  0.117E+00  0.196E-03  0.127E-01  0.104E+00
-15.857  0.132E+00  0.230E-03  0.146E-01  0.117E+00
-15.837  0.145E+00  0.264E-03  0.166E-01  0.128E+00
-15.817  0.158E+00  0.297E-03  0.187E-01  0.139E+00
-15.797  0.169E+00  0.329E-03  0.206E-01  0.148E+00
-15.777  0.178E+00  0.358E-03  0.224E-01  0.155E+00
-15.757  0.184E+00  0.385E-03  0.240E-01  0.160E+00
-15.737  0.188E+00  0.408E-03  0.254E-01  0.163E+00
-15.717  0.190E+00  0.428E-03  0.265E-01  0.163E+00
-15.697  0.189E+00  0.446E-03  0.274E-01  0.162E+00
-15.677  0.186E+00  0.461E-03  0.282E-01  0.158E+00
-15.657  0.182E+00  0.475E-03  0.290E-01  0.152E+00
-15.637  0.176E+00  0.489E-03  0.299E-01  0.145E+00
-15.617  0.168E+00  0.505E-03  0.310E-01  0.137E+00
-15.597  0.161E+00  0.524E-03  0.324E-01  0.128E+00
-15.577  0.154E+00  0.548E-03  0.343E-01  0.119E+00
-15.557  0.147E+00  0.577E-03  0.368E-01  0.110E+00
-15.537  0.141E+00  0.613E-03  0.400E-01  0.101E+00
-15.517  0.137E+00  0.656E-03  0.438E-01  0.925E-01
-15.497  0.134E+00  0.707E-03  0.483E-01  0.851E-01
-15.477  0.133E+00  0.766E-03  0.535E-01  0.788E-01
-15.457  0.134E+00  0.831E-03  0.593E-01  0.736E-01
-15.437  0.136E+00  0.901E-03  0.656E-01  0.694E-01
-15.417  0.140E+00  0.976E-03  0.723E-01  0.663E-01
-15.397  0.144E+00  0.105E-02  0.792E-01  0.642E-01
-15.377  0.150E+00  0.113E-02  0.862E-01  0.628E-01
-15.357  0.156E+00  0.121E-02  0.931E-01  0.620E-01
-15.337  0.163E+00  0.129E-02  0.999E-01  0.618E-01
-15.317  0.170E+00  0.137E-02  0.106E+00  0.618E-01
-15.297  0.176E+00  0.144E-02  0.113E+00  0.620E-01
-15.277  0.182E+00  0.152E-02  0.118E+00  0.623E-01
-15.257  0.188E+00  0.159E-02  0.124E+00  0.625E-01
-15.237  0.193E+00  0.166E-02  0.129E+00  0.626E-01
-15.217  0.198E+00  0.172E-02  0.134E+00  0.626E-01
-15.197  0.203E+00  0.179E-02  0.139E+00  0.625E-01
-15.177  0.207E+00  0.186E-02  0.143E+00  0.622E-01
-15.157  0.211E+00  0.192E-02  0.148E+00  0.619E-01
-15.137  0.216E+00  0.199E-02  0.152E+00  0.615E-01
-15.117  0.220E+00  0.206E-02  0.157E+00  0.611E-01
-15.097  0.224E+00  0.213E-02  0.161E+00  0.607E-01
-15.077  0.228E+00  0.219E-02  0.166E+00  0.604E-01
-15.057  0.233E+00  0.226E-02  0.170E+00  0.602E-01
-15.037  0.237E+00  0.232E-02  0.175E+00  0.601E-01
-15.017  0.241E+00  0.238E-02  0.179E+00  0.600E-01
-14.997  0.246E+00  0.242E-02  0.183E+00  0.601E-01
-14.977  0.249E+00  0.247E-02  0.186E+00  0.603E-01
-14.957  0.252E+00  0.250E-02  0.189E+00  0.606E-01
-14.937  0.255E+00  0.252E-02  0.191E+00  0.609E-01
-14.917  0.256E+00  0.253E-02  0.193E+00  0.613E-01
-14.897  0.257E+00  0.252E-02  0.193E+00  0.617E-01
-14.877  0.257E+00  0.250E-02  0.192E+00  0.621E-01
-14.857  0.256E+00  0.247E-02  0.191E+00  0.625E-01
-14.837  0.253E+00  0.243E-02  0.188E+00  0.629E-01
-14.817  0.250E+00  0.237E-02  0.184E+00  0.634E-01
-14.797  0.245E+00  0.230E-02  0.179E+00  0.638E-01
-14.777  0.240E+00  0.222E-02  0.173E+00  0.642E-01
-14.757  0.233E+00  0.213E-02  0.167E+00  0.645E-01
-14.737  0.227E+00  0.203E-02  0.160E+00  0.649E-01
-14.717  0.220E+00  0.194E-02  0.153E+00  0.652E-01
-14.697  0.213E+00  0.184E-02  0.145E+00  0.655E-01
-14.677  0.206E+00  0.174E-02  0.138E+00  0.656E-01
-14.657  0.199E+00  0.166E-02  0.132E+00  0.658E-01
-14.637  0.193E+00  0.158E-02  0.126E+00  0.658E-01
-14.617  0.188E+00  0.151E-02  0.121E+00  0.656E-01
-14.597  0.183E+00  0.145E-02  0.117E+00  0.653E-01
-14.577  0.180E+00  0.141E-02  0.113E+00  0.649E-01
-14.557  0.177E+00  0.137E-02  0.111E+00  0.642E-01
-14.537  0.174E+00  0.135E-02  0.110E+00  0.633E-01
-14.517  0.173E+00  0.134E-02  0.109E+00  0.622E-01
-14.497  0.172E+00  0.134E-02  0.110E+00  0.609E-01
-14.477  0.171E+00  0.135E-02  0.110E+00  0.594E-01
-14.457  0.170E+00  0.135E-02  0.111E+00  0.577E-01
-14.437  0.169E+00  0.136E-02  0.111E+00  0.559E-01
-14.417  0.167E+00  0.136E-02  0.112E+00  0.540E-01
-14.397  0.165E+00  0.136E-02  0.111E+00  0.522E-01
-14.377  0.162E+00  0.134E-02  0.110E+00  0.504E-01
-14.357  0.158E+00  0.132E-02  0.108E+00  0.487E-01
-14.337  0.153E+00  0.128E-02  0.105E+00  0.472E-01
-14.317  0.148E+00  0.123E-02  0.101E+00  0.460E-01
-14.297  0.142E+00  0.116E-02  0.953E-01  0.451E-01
-14.277  0.135E+00  0.109E-02  0.891E-01  0.446E-01
-14.257  0.128E+00  0.100E-02  0.821E-01  0.446E-01
-14.237  0.120E+00  0.909E-03  0.744E-01  0.449E-01
-14.217  0.113E+00  0.812E-03  0.664E-01  0.457E-01
-14.197  0.106E+00  0.712E-03  0.582E-01  0.469E-01
-14.177  0.991E-01  0.613E-03  0.500E-01  0.485E-01
-14.157  0.930E-01  0.516E-03  0.420E-01  0.505E-01
-14.137  0.875E-01  0.424E-03  0.345E-01  0.526E-01
-14.117  0.828E-01  0.339E-03  0.275E-01  0.550E-01
-14.097  0.790E-01  0.262E-03  0.212E-01  0.575E-01
-14.077  0.759E-01  0.195E-03  0.157E-01  0.600E-01
-14.057  0.735E-01  0.137E-03  0.110E-01  0.624E-01
-14.037  0.719E-01  0.890E-04  0.706E-02  0.647E-01
-14.017  0.708E-01  0.504E-04  0.392E-02  0.668E-01
-13.997  0.702E-01  0.205E-04  0.149E-02  0.687E-01
-13.977  0.700E-01 -0.149E-05 -0.287E-03  0.703E-01
-13.957  0.700E-01 -0.165E-04 -0.150E-02  0.715E-01
-13.937  0.702E-01 -0.258E-04 -0.224E-02  0.725E-01
-13.917  0.706E-01 -0.303E-04 -0.259E-02  0.732E-01
-13.897  0.709E-01 -0.311E-04 -0.265E-02  0.736E-01
-13.877  0.712E-01 -0.292E-04 -0.249E-02  0.737E-01
-13.857  0.715E-01 -0.254E-04 -0.217E-02  0.737E-01
-13.837  0.717E-01 -0.206E-04 -0.177E-02  0.735E-01
-13.817  0.718E-01 -0.153E-04 -0.132E-02  0.731E-01
-13.797  0.719E-01 -0.999E-05 -0.865E-03  0.728E-01
-13.777  0.719E-01 -0.510E-05 -0.439E-03  0.724E-01
-13.757  0.719E-01 -0.900E-06 -0.623E-04  0.719E-01
-13.737  0.718E-01  0.239E-05  0.248E-03  0.716E-01
-13.717  0.717E-01  0.462E-05  0.481E-03  0.712E-01
-13.697  0.716E-01  0.569E-05  0.625E-03  0.709E-01
-13.677  0.714E-01  0.555E-05  0.675E-03  0.707E-01
-13.657  0.711E-01  0.419E-05  0.626E-03  0.705E-01
-13.637  0.708E-01  0.165E-05  0.478E-03  0.703E-01
-13.617  0.703E-01 -0.200E-05  0.232E-03  0.701E-01
-13.597  0.697E-01 -0.659E-05 -0.107E-03  0.698E-01
-13.577  0.690E-01 -0.119E-04 -0.527E-03  0.695E-01
-13.557  0.681E-01 -0.176E-04 -0.101E-02  0.691E-01
-13.537  0.670E-01 -0.232E-04 -0.153E-02  0.685E-01
-13.517  0.658E-01 -0.282E-04 -0.204E-02  0.679E-01
-13.497  0.645E-01 -0.319E-04 -0.250E-02  0.670E-01
-13.477  0.631E-01 -0.333E-04 -0.285E-02  0.660E-01
-13.457  0.617E-01 -0.316E-04 -0.300E-02  0.648E-01
-13.437  0.605E-01 -0.255E-04 -0.288E-02  0.634E-01
-13.417  0.595E-01 -0.139E-04 -0.240E-02  0.619E-01
-13.397  0.588E-01  0.444E-05 -0.143E-02  0.603E-01
-13.377  0.587E-01  0.307E-04  0.974E-04  0.585E-01
-13.357  0.591E-01  0.659E-04  0.230E-02  0.568E-01
-13.337  0.604E-01  0.111E-03  0.526E-02  0.550E-01
-13.317  0.624E-01  0.167E-03  0.905E-02  0.532E-01
-13.297  0.655E-01  0.234E-03  0.137E-01  0.515E-01
-13.277  0.696E-01  0.312E-03  0.193E-01  0.499E-01
-13.257  0.747E-01  0.400E-03  0.258E-01  0.485E-01
-13.237  0.808E-01  0.498E-03  0.331E-01  0.472E-01
-13.217  0.879E-01  0.604E-03  0.412E-01  0.461E-01
-13.197  0.960E-01  0.717E-03  0.500E-01  0.453E-01
-13.177  0.105E+00  0.834E-03  0.593E-01  0.446E-01
-13.157  0.114E+00  0.954E-03  0.690E-01  0.441E-01
-13.137  0.124E+00  0.107E-02  0.790E-01  0.438E-01
-13.117  0.134E+00  0.119E-02  0.890E-01  0.437E-01
-13.097  0.144E+00  0.130E-02  0.989E-01  0.437E-01
-13.077  0.154E+00  0.141E-02  0.108E+00  0.438E-01
-13.057  0.163E+00  0.151E-02  0.118E+00  0.440E-01
-13.037  0.172E+00  0.159E-02  0.126E+00  0.442E-01
-13.017  0.180E+00  0.167E-02  0.134E+00  0.443E-01
-12.997  0.188E+00  0.174E-02  0.142E+00  0.445E-01
-12.977  0.195E+00  0.179E-02  0.148E+00  0.445E-01
-12.957  0.200E+00  0.183E-02  0.154E+00  0.445E-01
-12.937  0.205E+00  0.186E-02  0.159E+00  0.442E-01
-12.917  0.209E+00  0.188E-02  0.163E+00  0.438E-01
-12.897  0.211E+00  0.190E-02  0.166E+00  0.432E-01
-12.877  0.213E+00  0.190E-02  0.169E+00  0.425E-01
-12.857  0.213E+00  0.190E-02  0.170E+00  0.415E-01
-12.837  0.213E+00  0.189E-02  0.171E+00  0.404E-01
-12.817  0.211E+00  0.187E-02  0.170E+00  0.391E-01
-12.797  0.209E+00  0.185E-02  0.169E+00  0.378E-01
-12.777  0.205E+00  0.183E-02  0.167E+00  0.364E-01
-12.757  0.201E+00  0.180E-02  0.164E+00  0.350E-01
-12.737  0.196E+00  0.178E-02  0.160E+00  0.337E-01
-12.717  0.190E+00  0.175E-02  0.156E+00  0.326E-01
-12.697  0.184E+00  0.173E-02  0.151E+00  0.318E-01
-12.677  0.179E+00  0.171E-02  0.146E+00  0.314E-01
-12.657  0.173E+00  0.169E-02  0.140E+00  0.314E-01
-12.637  0.168E+00  0.167E-02  0.134E+00  0.320E-01
-12.617  0.163E+00  0.166E-02  0.128E+00  0.332E-01
-12.597  0.159E+00  0.165E-02  0.122E+00  0.352E-01
-12.577  0.156E+00  0.165E-02  0.117E+00  0.379E-01
-12.557  0.154E+00  0.165E-02  0.111E+00  0.414E-01
-12.537  0.154E+00  0.165E-02  0.106E+00  0.457E-01
-12.517  0.154E+00  0.166E-02  0.102E+00  0.508E-01
-12.497  0.156E+00  0.166E-02  0.978E-01  0.567E-01
-12.477  0.159E+00  0.167E-02  0.943E-01  0.632E-01
-12.457  0.163E+00  0.167E-02  0.913E-01  0.702E-01
-12.437  0.168E+00  0.167E-02  0.888E-01  0.776E-01
-12.417  0.174E+00  0.167E-02  0.866E-01  0.853E-01
-12.397  0.179E+00  0.167E-02  0.849E-01  0.929E-01
-12.377  0.185E+00  0.166E-02  0.834E-01  0.100E+00
-12.357  0.191E+00  0.165E-02  0.822E-01  0.108E+00
-12.337  0.197E+00  0.163E-02  0.811E-01  0.114E+00
-12.317  0.202E+00  0.161E-02  0.802E-01  0.120E+00
-12.297  0.206E+00  0.159E-02  0.792E-01  0.125E+00
-12.277  0.209E+00  0.155E-02  0.782E-01  0.129E+00
-12.257  0.210E+00  0.152E-02  0.771E-01  0.132E+00
-12.237  0.211E+00  0.148E-02  0.758E-01  0.134E+00
-12.217  0.210E+00  0.143E-02  0.742E-01  0.134E+00
-12.197  0.207E+00  0.139E-02  0.723E-01  0.134E+00
-12.177  0.204E+00  0.133E-02  0.700E-01  0.132E+00
-12.157  0.199E+00  0.127E-02  0.674E-01  0.130E+00
-12.137  0.192E+00  0.121E-02  0.642E-01  0.127E+00
-12.117  0.185E+00  0.114E-02  0.607E-01  0.123E+00
-12.097  0.176E+00  0.107E-02  0.568E-01  0.118E+00
-12.077  0.167E+00  0.996E-03  0.526E-01  0.114E+00
-12.057  0.158E+00  0.918E-03  0.481E-01  0.109E+00
-12.037  0.148E+00  0.838E-03  0.434E-01  0.104E+00
-12.017  0.139E+00  0.760E-03  0.388E-01  0.991E-01
-11.997  0.130E+00  0.685E-03  0.343E-01  0.947E-01
-11.977  0.121E+00  0.618E-03  0.301E-01  0.908E-01
-11.957  0.114E+00  0.561E-03  0.264E-01  0.874E-01
-11.937  0.109E+00  0.519E-03  0.235E-01  0.848E-01
-11.917  0.105E+00  0.497E-03  0.214E-01  0.829E-01
-11.897  0.103E+00  0.499E-03  0.205E-01  0.819E-01
-11.877  0.103E+00  0.530E-03  0.208E-01  0.817E-01
-11.857  0.105E+00  0.594E-03  0.226E-01  0.823E-01
-11.837  0.110E+00  0.694E-03  0.258E-01  0.837E-01
-11.817  0.117E+00  0.834E-03  0.306E-01  0.856E-01
-11.797  0.126E+00  0.101E-02  0.369E-01  0.881E-01
-11.777  0.137E+00  0.123E-02  0.447E-01  0.908E-01
-11.757  0.149E+00  0.149E-02  0.539E-01  0.937E-01
-11.737  0.162E+00  0.178E-02  0.642E-01  0.965E-01
-11.717  0.177E+00  0.209E-02  0.755E-01  0.990E-01
-11.697  0.191E+00  0.243E-02  0.874E-01  0.101E+00
-11.677  0.205E+00  0.278E-02  0.996E-01  0.103E+00
-11.657  0.218E+00  0.313E-02  0.112E+00  0.103E+00
-11.637  0.230E+00  0.347E-02  0.123E+00  0.103E+00
-11.617  0.240E+00  0.379E-02  0.134E+00  0.102E+00
-11.597  0.248E+00  0.408E-02  0.144E+00  0.100E+00
-11.577  0.255E+00  0.434E-02  0.153E+00  0.974E-01
-11.557  0.258E+00  0.456E-02  0.160E+00  0.940E-01
-11.537  0.260E+00  0.472E-02  0.165E+00  0.900E-01
-11.517  0.259E+00  0.484E-02  0.169E+00  0.856E-01
-11.497  0.257E+00  0.490E-02  0.171E+00  0.810E-01
-11.477  0.252E+00  0.492E-02  0.171E+00  0.764E-01
-11.457  0.247E+00  0.488E-02  0.170E+00  0.719E-01
-11.437  0.240E+00  0.481E-02  0.168E+00  0.678E-01
-11.417  0.233E+00  0.470E-02  0.164E+00  0.642E-01
-11.397  0.226E+00  0.456E-02  0.160E+00  0.612E-01
-11.377  0.219E+00  0.441E-02  0.155E+00  0.590E-01
-11.357  0.212E+00  0.423E-02  0.151E+00  0.577E-01
-11.337  0.207E+00  0.405E-02  0.145E+00  0.573E-01
-11.317  0.202E+00  0.386E-02  0.140E+00  0.579E-01
-11.297  0.199E+00  0.367E-02  0.136E+00  0.594E-01
-11.277  0.196E+00  0.348E-02  0.131E+00  0.618E-01
-11.257  0.195E+00  0.330E-02  0.127E+00  0.651E-01
-11.237  0.195E+00  0.313E-02  0.122E+00  0.693E-01
-11.217  0.195E+00  0.298E-02  0.118E+00  0.741E-01
-11.197  0.197E+00  0.283E-02  0.114E+00  0.796E-01
-11.177  0.199E+00  0.271E-02  0.111E+00  0.855E-01
-11.157  0.201E+00  0.260E-02  0.107E+00  0.918E-01
-11.137  0.204E+00  0.252E-02  0.104E+00  0.984E-01
-11.117  0.208E+00  0.246E-02  0.100E+00  0.105E+00
-11.097  0.212E+00  0.243E-02  0.975E-01  0.112E+00
-11.077  0.216E+00  0.243E-02  0.951E-01  0.118E+00
-11.057  0.220E+00  0.247E-02  0.933E-01  0.124E+00
-11.037  0.225E+00  0.254E-02  0.922E-01  0.130E+00
-11.017  0.231E+00  0.264E-02  0.920E-01  0.136E+00
-10.997  0.236E+00  0.277E-02  0.928E-01  0.141E+00
-10.977  0.243E+00  0.291E-02  0.946E-01  0.145E+00
-10.957  0.250E+00  0.307E-02  0.976E-01  0.149E+00
-10.937  0.257E+00  0.322E-02  0.102E+00  0.152E+00
-10.917  0.265E+00  0.336E-02  0.107E+00  0.155E+00
-10.897  0.273E+00  0.346E-02  0.113E+00  0.157E+00
-10.877  0.281E+00  0.350E-02  0.120E+00  0.158E+00
-10.857  0.288E+00  0.346E-02  0.127E+00  0.158E+00
-10.837  0.295E+00  0.334E-02  0.134E+00  0.157E+00
-10.817  0.300E+00  0.310E-02  0.141E+00  0.156E+00
-10.797  0.304E+00  0.274E-02  0.148E+00  0.154E+00
-10.777  0.307E+00  0.226E-02  0.153E+00  0.151E+00
-10.757  0.307E+00  0.165E-02  0.158E+00  0.148E+00
-10.737  0.306E+00  0.926E-03  0.162E+00  0.143E+00
-10.717  0.303E+00  0.108E-03  0.164E+00  0.139E+00
-10.697  0.297E+00 -0.771E-03  0.164E+00  0.134E+00
-10.677  0.290E+00 -0.166E-02  0.163E+00  0.128E+00
-10.657  0.281E+00 -0.249E-02  0.161E+00  0.122E+00
-10.637  0.271E+00 -0.318E-02  0.157E+00  0.116E+00
-10.617  0.260E+00 -0.363E-02  0.153E+00  0.110E+00
-10.597  0.249E+00 -0.371E-02  0.148E+00  0.105E+00
-10.577  0.239E+00 -0.327E-02  0.143E+00  0.991E-01
-10.557  0.229E+00 -0.215E-02  0.137E+00  0.941E-01
-10.537  0.222E+00 -0.165E-03  0.132E+00  0.895E-01
-10.517  0.217E+00  0.290E-02  0.128E+00  0.856E-01
-10.497  0.215E+00  0.724E-02  0.125E+00  0.825E-01
-10.477  0.216E+00  0.131E-01  0.123E+00  0.801E-01
-10.457  0.222E+00  0.206E-01  0.122E+00  0.786E-01
-10.437  0.231E+00  0.301E-01  0.123E+00  0.781E-01
-10.417  0.245E+00  0.416E-01  0.125E+00  0.786E-01
-10.397  0.264E+00  0.553E-01  0.128E+00  0.802E-01
-10.377  0.287E+00  0.712E-01  0.133E+00  0.828E-01
-10.357  0.314E+00  0.894E-01  0.138E+00  0.866E-01
-10.337  0.345E+00  0.110E+00  0.143E+00  0.916E-01
-10.317  0.379E+00  0.132E+00  0.149E+00  0.979E-01
-10.297  0.416E+00  0.156E+00  0.155E+00  0.105E+00
-10.277  0.455E+00  0.181E+00  0.161E+00  0.114E+00
-10.257  0.496E+00  0.206E+00  0.165E+00  0.124E+00
-10.237  0.537E+00  0.232E+00  0.169E+00  0.136E+00
-10.217  0.578E+00  0.257E+00  0.172E+00  0.149E+00
-10.197  0.618E+00  0.281E+00  0.173E+00  0.163E+00
-10.177  0.656E+00  0.304E+00  0.173E+00  0.179E+00
-10.157  0.691E+00  0.324E+00  0.172E+00  0.196E+00
-10.137  0.724E+00  0.340E+00  0.170E+00  0.213E+00
-10.117  0.752E+00  0.354E+00  0.167E+00  0.232E+00
-10.097  0.775E+00  0.363E+00  0.162E+00  0.250E+00
-10.077  0.794E+00  0.368E+00  0.157E+00  0.269E+00
-10.057  0.808E+00  0.369E+00  0.151E+00  0.287E+00
-10.037  0.816E+00  0.366E+00  0.145E+00  0.304E+00
-10.017  0.819E+00  0.359E+00  0.140E+00  0.320E+00
 -9.997  0.816E+00  0.348E+00  0.134E+00  0.334E+00
 -9.977  0.808E+00  0.335E+00  0.128E+00  0.346E+00
 -9.957  0.796E+00  0.318E+00  0.123E+00  0.354E+00
 -9.937  0.778E+00  0.300E+00  0.119E+00  0.360E+00
 -9.917  0.757E+00  0.281E+00  0.115E+00  0.361E+00
 -9.897  0.732E+00  0.261E+00  0.111E+00  0.359E+00
 -9.877  0.703E+00  0.241E+00  0.108E+00  0.354E+00
 -9.857  0.672E+00  0.222E+00  0.106E+00  0.344E+00
 -9.837  0.639E+00  0.204E+00  0.105E+00  0.331E+00
 -9.817  0.605E+00  0.187E+00  0.103E+00  0.315E+00
 -9.797  0.570E+00  0.172E+00  0.102E+00  0.296E+00
 -9.777  0.534E+00  0.158E+00  0.101E+00  0.274E+00
 -9.757  0.499E+00  0.147E+00  0.101E+00  0.251E+00
 -9.737  0.465E+00  0.138E+00  0.997E-01  0.227E+00
 -9.717  0.432E+00  0.130E+00  0.987E-01  0.203E+00
 -9.697  0.400E+00  0.125E+00  0.973E-01  0.178E+00
 -9.677  0.371E+00  0.121E+00  0.955E-01  0.155E+00
 -9.657  0.345E+00  0.118E+00  0.933E-01  0.133E+00
 -9.637  0.320E+00  0.117E+00  0.906E-01  0.113E+00
 -9.617  0.299E+00  0.116E+00  0.873E-01  0.958E-01
 -9.597  0.281E+00  0.116E+00  0.836E-01  0.808E-01
 -9.577  0.265E+00  0.117E+00  0.794E-01  0.688E-01
 -9.557  0.252E+00  0.118E+00  0.749E-01  0.596E-01
 -9.537  0.242E+00  0.119E+00  0.702E-01  0.534E-01
 -9.517  0.235E+00  0.120E+00  0.654E-01  0.500E-01
 -9.497  0.230E+00  0.120E+00  0.607E-01  0.492E-01
 -9.477  0.228E+00  0.121E+00  0.563E-01  0.506E-01
 -9.457  0.228E+00  0.121E+00  0.523E-01  0.540E-01
 -9.437  0.230E+00  0.122E+00  0.490E-01  0.588E-01
 -9.417  0.233E+00  0.122E+00  0.464E-01  0.647E-01
 -9.397  0.238E+00  0.122E+00  0.446E-01  0.712E-01
 -9.377  0.243E+00  0.122E+00  0.438E-01  0.779E-01
 -9.357  0.250E+00  0.122E+00  0.439E-01  0.843E-01
 -9.337  0.257E+00  0.122E+00  0.451E-01  0.900E-01
 -9.317  0.264E+00  0.122E+00  0.471E-01  0.947E-01
 -9.297  0.270E+00  0.122E+00  0.499E-01  0.981E-01
 -9.277  0.276E+00  0.123E+00  0.534E-01  0.100E+00
 -9.257  0.282E+00  0.123E+00  0.576E-01  0.101E+00
 -9.237  0.286E+00  0.124E+00  0.621E-01  0.999E-01
 -9.217  0.289E+00  0.125E+00  0.669E-01  0.975E-01
 -9.197  0.292E+00  0.126E+00  0.719E-01  0.939E-01
 -9.177  0.293E+00  0.127E+00  0.768E-01  0.893E-01
 -9.157  0.293E+00  0.128E+00  0.816E-01  0.838E-01
 -9.137  0.293E+00  0.129E+00  0.862E-01  0.779E-01
 -9.117  0.291E+00  0.129E+00  0.905E-01  0.717E-01
 -9.097  0.289E+00  0.129E+00  0.944E-01  0.656E-01
 -9.077  0.287E+00  0.129E+00  0.979E-01  0.597E-01
 -9.057  0.284E+00  0.129E+00  0.101E+00  0.544E-01
 -9.037  0.281E+00  0.128E+00  0.103E+00  0.499E-01
 -9.017  0.278E+00  0.126E+00  0.105E+00  0.462E-01
 -8.997  0.275E+00  0.125E+00  0.107E+00  0.435E-01
 -8.977  0.272E+00  0.122E+00  0.108E+00  0.418E-01
 -8.957  0.269E+00  0.120E+00  0.108E+00  0.411E-01
 -8.937  0.267E+00  0.117E+00  0.108E+00  0.413E-01
 -8.917  0.264E+00  0.114E+00  0.107E+00  0.425E-01
 -8.897  0.262E+00  0.111E+00  0.106E+00  0.444E-01
 -8.877  0.259E+00  0.108E+00  0.104E+00  0.470E-01
 -8.857  0.257E+00  0.105E+00  0.102E+00  0.501E-01
 -8.837  0.255E+00  0.103E+00  0.988E-01  0.535E-01
 -8.817  0.253E+00  0.100E+00  0.956E-01  0.572E-01
 -8.797  0.251E+00  0.979E-01  0.921E-01  0.608E-01
 -8.777  0.249E+00  0.960E-01  0.884E-01  0.644E-01
 -8.757  0.247E+00  0.946E-01  0.845E-01  0.678E-01
 -8.737  0.245E+00  0.935E-01  0.806E-01  0.708E-01
 -8.717  0.243E+00  0.929E-01  0.767E-01  0.733E-01
 -8.697  0.241E+00  0.928E-01  0.730E-01  0.753E-01
 -8.677  0.239E+00  0.930E-01  0.695E-01  0.767E-01
 -8.657  0.237E+00  0.937E-01  0.663E-01  0.774E-01
 -8.637  0.236E+00  0.948E-01  0.635E-01  0.775E-01
 -8.617  0.234E+00  0.963E-01  0.610E-01  0.770E-01
 -8.597  0.233E+00  0.981E-01  0.590E-01  0.758E-01
 -8.577  0.232E+00  0.100E+00  0.574E-01  0.741E-01
 -8.557  0.231E+00  0.102E+00  0.563E-01  0.719E-01
 -8.537  0.230E+00  0.105E+00  0.557E-01  0.693E-01
 -8.517  0.229E+00  0.107E+00  0.554E-01  0.663E-01
 -8.497  0.228E+00  0.109E+00  0.556E-01  0.631E-01
 -8.477  0.227E+00  0.111E+00  0.562E-01  0.598E-01
 -8.457  0.227E+00  0.113E+00  0.572E-01  0.563E-01
 -8.437  0.226E+00  0.115E+00  0.585E-01  0.529E-01
 -8.417  0.226E+00  0.116E+00  0.601E-01  0.496E-01
 -8.397  0.225E+00  0.117E+00  0.620E-01  0.463E-01
 -8.377  0.225E+00  0.117E+00  0.641E-01  0.432E-01
 -8.357  0.224E+00  0.117E+00  0.665E-01  0.404E-01
 -8.337  0.223E+00  0.117E+00  0.690E-01  0.378E-01
 -8.317  0.223E+00  0.116E+00  0.717E-01  0.354E-01
 -8.297  0.222E+00  0.115E+00  0.744E-01  0.334E-01
 -8.277  0.222E+00  0.113E+00  0.771E-01  0.317E-01
 -8.257  0.222E+00  0.111E+00  0.797E-01  0.303E-01
 -8.237  0.221E+00  0.110E+00  0.822E-01  0.293E-01
 -8.217  0.221E+00  0.108E+00  0.846E-01  0.286E-01
 -8.197  0.221E+00  0.106E+00  0.866E-01  0.283E-01
 -8.177  0.220E+00  0.104E+00  0.883E-01  0.283E-01
 -8.157  0.220E+00  0.102E+00  0.897E-01  0.287E-01
 -8.137  0.220E+00  0.999E-01  0.907E-01  0.295E-01
 -8.117  0.220E+00  0.981E-01  0.912E-01  0.306E-01
 -8.097  0.220E+00  0.964E-01  0.913E-01  0.320E-01
 -8.077  0.219E+00  0.948E-01  0.910E-01  0.337E-01
 -8.057  0.219E+00  0.933E-01  0.902E-01  0.356E-01
 -8.037  0.219E+00  0.919E-01  0.890E-01  0.378E-01
 -8.017  0.218E+00  0.905E-01  0.875E-01  0.400E-01
 -7.997  0.217E+00  0.893E-01  0.856E-01  0.424E-01
 -7.977  0.216E+00  0.881E-01  0.835E-01  0.448E-01
 -7.957  0.215E+00  0.869E-01  0.812E-01  0.471E-01
 -7.937  0.214E+00  0.858E-01  0.787E-01  0.494E-01
 -7.917  0.212E+00  0.847E-01  0.762E-01  0.515E-01
 -7.897  0.211E+00  0.836E-01  0.736E-01  0.535E-01
 -7.877  0.209E+00  0.825E-01  0.711E-01  0.553E-01
 -7.857  0.207E+00  0.815E-01  0.687E-01  0.570E-01
 -7.837  0.205E+00  0.805E-01  0.666E-01  0.585E-01
 -7.817  0.204E+00  0.794E-01  0.646E-01  0.598E-01
 -7.797  0.202E+00  0.784E-01  0.629E-01  0.611E-01
 -7.777  0.201E+00  0.774E-01  0.616E-01  0.624E-01
 -7.757  0.201E+00  0.765E-01  0.605E-01  0.637E-01
 -7.737  0.200E+00  0.755E-01  0.598E-01  0.651E-01
 -7.717  0.201E+00  0.746E-01  0.595E-01  0.667E-01
 -7.697  0.202E+00  0.737E-01  0.594E-01  0.686E-01
 -7.677  0.203E+00  0.729E-01  0.597E-01  0.708E-01
 -7.657  0.206E+00  0.721E-01  0.602E-01  0.734E-01
 -7.637  0.209E+00  0.715E-01  0.609E-01  0.764E-01
 -7.617  0.213E+00  0.709E-01  0.619E-01  0.799E-01
 -7.597  0.217E+00  0.705E-01  0.629E-01  0.839E-01
 -7.577  0.223E+00  0.703E-01  0.641E-01  0.882E-01
 -7.557  0.228E+00  0.703E-01  0.653E-01  0.929E-01
 -7.537  0.235E+00  0.705E-01  0.666E-01  0.979E-01
 -7.517  0.242E+00  0.710E-01  0.680E-01  0.103E+00
 -7.497  0.249E+00  0.717E-01  0.694E-01  0.108E+00
 -7.477  0.257E+00  0.728E-01  0.710E-01  0.113E+00
 -7.457  0.264E+00  0.741E-01  0.726E-01  0.118E+00
 -7.437  0.272E+00  0.757E-01  0.744E-01  0.122E+00
 -7.417  0.279E+00  0.775E-01  0.763E-01  0.125E+00
 -7.397  0.286E+00  0.795E-01  0.784E-01  0.128E+00
 -7.377  0.292E+00  0.815E-01  0.806E-01  0.130E+00
 -7.357  0.298E+00  0.836E-01  0.831E-01  0.131E+00
 -7.337  0.303E+00  0.855E-01  0.857E-01  0.132E+00
 -7.317  0.307E+00  0.872E-01  0.884E-01  0.131E+00
 -7.297  0.310E+00  0.887E-01  0.912E-01  0.130E+00
 -7.277  0.313E+00  0.898E-01  0.941E-01  0.129E+00
 -7.257  0.315E+00  0.904E-01  0.969E-01  0.127E+00
 -7.237  0.316E+00  0.906E-01  0.996E-01  0.126E+00
 -7.217  0.317E+00  0.903E-01  0.102E+00  0.125E+00
 -7.197  0.318E+00  0.894E-01  0.104E+00  0.124E+00
 -7.177  0.319E+00  0.880E-01  0.106E+00  0.125E+00
 -7.157  0.320E+00  0.861E-01  0.108E+00  0.126E+00
 -7.137  0.321E+00  0.837E-01  0.109E+00  0.128E+00
 -7.117  0.321E+00  0.810E-01  0.109E+00  0.131E+00
 -7.097  0.322E+00  0.779E-01  0.109E+00  0.135E+00
 -7.077  0.323E+00  0.746E-01  0.109E+00  0.140E+00
 -7.057  0.323E+00  0.711E-01  0.108E+00  0.144E+00
 -7.037  0.323E+00  0.675E-01  0.106E+00  0.149E+00
 -7.017  0.321E+00  0.637E-01  0.105E+00  0.153E+00
 -6.997  0.319E+00  0.599E-01  0.103E+00  0.156E+00
 -6.977  0.315E+00  0.561E-01  0.101E+00  0.158E+00
 -6.957  0.310E+00  0.523E-01  0.988E-01  0.159E+00
 -6.937  0.302E+00  0.484E-01  0.970E-01  0.157E+00
 -6.917  0.294E+00  0.446E-01  0.954E-01  0.154E+00
 -6.897  0.283E+00  0.409E-01  0.943E-01  0.148E+00
 -6.877  0.272E+00  0.373E-01  0.937E-01  0.141E+00
 -6.857  0.259E+00  0.339E-01  0.935E-01  0.132E+00
 -6.837  0.246E+00  0.309E-01  0.939E-01  0.121E+00
 -6.817  0.232E+00  0.284E-01  0.948E-01  0.109E+00
 -6.797  0.219E+00  0.267E-01  0.961E-01  0.965E-01
 -6.777  0.207E+00  0.260E-01  0.977E-01  0.836E-01
 -6.757  0.197E+00  0.268E-01  0.994E-01  0.707E-01
 -6.737  0.189E+00  0.294E-01  0.101E+00  0.582E-01
 -6.717  0.183E+00  0.342E-01  0.103E+00  0.465E-01
 -6.697  0.181E+00  0.417E-01  0.104E+00  0.357E-01
 -6.677  0.182E+00  0.523E-01  0.104E+00  0.261E-01
 -6.657  0.188E+00  0.664E-01  0.104E+00  0.178E-01
 -6.637  0.198E+00  0.844E-01  0.103E+00  0.108E-01
 -6.617  0.212E+00  0.107E+00  0.100E+00  0.515E-02
 -6.597  0.231E+00  0.133E+00  0.973E-01  0.746E-03
 -6.577  0.254E+00  0.163E+00  0.931E-01 -0.251E-02
 -6.557  0.281E+00  0.198E+00  0.880E-01 -0.477E-02
 -6.537  0.312E+00  0.236E+00  0.821E-01 -0.617E-02
 -6.517  0.345E+00  0.277E+00  0.755E-01 -0.688E-02
 -6.497  0.381E+00  0.319E+00  0.683E-01 -0.705E-02
 -6.477  0.418E+00  0.364E+00  0.608E-01 -0.682E-02
 -6.457  0.455E+00  0.408E+00  0.532E-01 -0.631E-02
 -6.437  0.491E+00  0.451E+00  0.456E-01 -0.562E-02
 -6.417  0.526E+00  0.492E+00  0.382E-01 -0.485E-02
 -6.397  0.558E+00  0.530E+00  0.312E-01 -0.405E-02
 -6.377  0.586E+00  0.565E+00  0.248E-01 -0.328E-02
 -6.357  0.610E+00  0.594E+00  0.189E-01 -0.256E-02
 -6.337  0.629E+00  0.618E+00  0.138E-01 -0.191E-02
 -6.317  0.644E+00  0.636E+00  0.940E-02 -0.134E-02
 -6.297  0.653E+00  0.648E+00  0.574E-02 -0.854E-03
 -6.277  0.656E+00  0.654E+00  0.281E-02 -0.444E-03
 -6.257  0.655E+00  0.655E+00  0.552E-03 -0.105E-03
 -6.237  0.649E+00  0.650E+00 -0.109E-02  0.171E-03
 -6.217  0.639E+00  0.641E+00 -0.220E-02  0.393E-03
 -6.197  0.626E+00  0.628E+00 -0.285E-02  0.570E-03
 -6.177  0.609E+00  0.612E+00 -0.313E-02  0.709E-03
 -6.157  0.590E+00  0.592E+00 -0.311E-02  0.816E-03
 -6.137  0.569E+00  0.571E+00 -0.288E-02  0.896E-03
 -6.117  0.546E+00  0.548E+00 -0.249E-02  0.954E-03
 -6.097  0.522E+00  0.523E+00 -0.200E-02  0.992E-03
 -6.077  0.498E+00  0.498E+00 -0.147E-02  0.101E-02
 -6.057  0.473E+00  0.472E+00 -0.920E-03  0.102E-02
 -6.037  0.447E+00  0.446E+00 -0.386E-03  0.102E-02
 -6.017  0.421E+00  0.420E+00  0.116E-03  0.997E-03
 -5.997  0.396E+00  0.394E+00  0.575E-03  0.970E-03
 -5.977  0.371E+00  0.369E+00  0.986E-03  0.934E-03
 -5.957  0.346E+00  0.344E+00  0.135E-02  0.891E-03
 -5.937  0.322E+00  0.320E+00  0.166E-02  0.843E-03
 -5.917  0.300E+00  0.297E+00  0.194E-02  0.791E-03
 -5.897  0.278E+00  0.275E+00  0.217E-02  0.738E-03
 -5.877  0.259E+00  0.255E+00  0.238E-02  0.685E-03
 -5.857  0.240E+00  0.237E+00  0.256E-02  0.633E-03
 -5.837  0.224E+00  0.221E+00  0.272E-02  0.586E-03
 -5.817  0.210E+00  0.206E+00  0.286E-02  0.543E-03
 -5.797  0.197E+00  0.194E+00  0.298E-02  0.505E-03
 -5.777  0.187E+00  0.183E+00  0.309E-02  0.474E-03
 -5.757  0.178E+00  0.175E+00  0.319E-02  0.450E-03
 -5.737  0.172E+00  0.168E+00  0.328E-02  0.433E-03
 -5.717  0.167E+00  0.163E+00  0.335E-02  0.422E-03
 -5.697  0.163E+00  0.159E+00  0.340E-02  0.417E-03
 -5.677  0.160E+00  0.156E+00  0.345E-02  0.418E-03
 -5.657  0.158E+00  0.154E+00  0.348E-02  0.422E-03
 -5.637  0.157E+00  0.153E+00  0.350E-02  0.429E-03
 -5.617  0.156E+00  0.152E+00  0.351E-02  0.438E-03
 -5.597  0.156E+00  0.152E+00  0.350E-02  0.448E-03
 -5.577  0.155E+00  0.151E+00  0.349E-02  0.457E-03
 -5.557  0.154E+00  0.150E+00  0.347E-02  0.465E-03
 -5.537  0.153E+00  0.149E+00  0.344E-02  0.470E-03
 -5.517  0.151E+00  0.147E+00  0.341E-02  0.472E-03
 -5.497  0.149E+00  0.145E+00  0.337E-02  0.471E-03
 -5.477  0.146E+00  0.142E+00  0.332E-02  0.467E-03
 -5.457  0.143E+00  0.139E+00  0.327E-02  0.459E-03
 -5.437  0.139E+00  0.136E+00  0.322E-02  0.448E-03
 -5.417  0.135E+00  0.132E+00  0.317E-02  0.434E-03
 -5.397  0.131E+00  0.128E+00  0.312E-02  0.418E-03
 -5.377  0.127E+00  0.123E+00  0.306E-02  0.399E-03
 -5.357  0.122E+00  0.119E+00  0.300E-02  0.379E-03
 -5.337  0.118E+00  0.114E+00  0.295E-02  0.358E-03
 -5.317  0.113E+00  0.110E+00  0.289E-02  0.337E-03
 -5.297  0.109E+00  0.106E+00  0.284E-02  0.316E-03
 -5.277  0.106E+00  0.102E+00  0.279E-02  0.295E-03
 -5.257  0.103E+00  0.996E-01  0.276E-02  0.276E-03
 -5.237  0.100E+00  0.974E-01  0.273E-02  0.258E-03
 -5.217  0.991E-01  0.962E-01  0.272E-02  0.241E-03
 -5.197  0.989E-01  0.959E-01  0.273E-02  0.226E-03
 -5.177  0.997E-01  0.967E-01  0.277E-02  0.213E-03
 -5.157  0.102E+00  0.986E-01  0.282E-02  0.202E-03
 -5.137  0.105E+00  0.102E+00  0.291E-02  0.192E-03
 -5.117  0.109E+00  0.106E+00  0.302E-02  0.185E-03
 -5.097  0.114E+00  0.111E+00  0.315E-02  0.179E-03
 -5.077  0.120E+00  0.117E+00  0.331E-02  0.175E-03
 -5.057  0.127E+00  0.123E+00  0.349E-02  0.172E-03
 -5.037  0.134E+00  0.130E+00  0.368E-02  0.170E-03
 -5.017  0.141E+00  0.137E+00  0.387E-02  0.168E-03
 -4.997  0.148E+00  0.144E+00  0.407E-02  0.167E-03
 -4.977  0.155E+00  0.150E+00  0.425E-02  0.166E-03
 -4.957  0.160E+00  0.156E+00  0.441E-02  0.165E-03
 -4.937  0.164E+00  0.160E+00  0.455E-02  0.163E-03
 -4.917  0.167E+00  0.162E+00  0.464E-02  0.161E-03
 -4.897  0.168E+00  0.164E+00  0.469E-02  0.158E-03
 -4.877  0.168E+00  0.163E+00  0.469E-02  0.154E-03
 -4.857  0.165E+00  0.160E+00  0.464E-02  0.149E-03
 -4.837  0.160E+00  0.156E+00  0.453E-02  0.144E-03
 -4.817  0.154E+00  0.149E+00  0.437E-02  0.138E-03
 -4.797  0.146E+00  0.141E+00  0.416E-02  0.132E-03
 -4.777  0.136E+00  0.132E+00  0.390E-02  0.125E-03
 -4.757  0.125E+00  0.121E+00  0.361E-02  0.119E-03
 -4.737  0.113E+00  0.110E+00  0.329E-02  0.113E-03
 -4.717  0.101E+00  0.982E-01  0.294E-02  0.107E-03
 -4.697  0.888E-01  0.861E-01  0.259E-02  0.102E-03
 -4.677  0.765E-01  0.741E-01  0.224E-02  0.974E-04
 -4.657  0.646E-01  0.626E-01  0.190E-02  0.939E-04
 -4.637  0.534E-01  0.517E-01  0.157E-02  0.913E-04
 -4.617  0.432E-01  0.418E-01  0.127E-02  0.896E-04
 -4.597  0.340E-01  0.329E-01  0.100E-02  0.889E-04
 -4.577  0.260E-01  0.251E-01  0.765E-03  0.889E-04
 -4.557  0.192E-01  0.186E-01  0.561E-03  0.896E-04
 -4.537  0.136E-01  0.132E-01  0.393E-03  0.908E-04
 -4.517  0.923E-02  0.888E-02  0.258E-03  0.924E-04
 -4.497  0.588E-02  0.563E-02  0.154E-03  0.941E-04
 -4.477  0.347E-02  0.330E-02  0.785E-04  0.957E-04
 -4.457  0.188E-02  0.176E-02  0.276E-04  0.971E-04
 -4.437  0.964E-03  0.868E-03 -0.271E-05  0.981E-04
 -4.417  0.581E-03  0.499E-03 -0.164E-04  0.986E-04
 -4.397  0.602E-03  0.521E-03 -0.173E-04  0.986E-04
 -4.377  0.909E-03  0.820E-03 -0.894E-05  0.980E-04
 -4.357  0.140E-02  0.130E-02  0.571E-05  0.967E-04
 -4.337  0.199E-02  0.187E-02  0.241E-04  0.948E-04
 -4.317  0.261E-02  0.248E-02  0.441E-04  0.924E-04
 -4.297  0.322E-02  0.307E-02  0.642E-04  0.895E-04
 -4.277  0.379E-02  0.362E-02  0.834E-04  0.863E-04
 -4.257  0.428E-02  0.410E-02  0.101E-03  0.827E-04
 -4.237  0.470E-02  0.450E-02  0.116E-03  0.790E-04
 -4.217  0.503E-02  0.483E-02  0.130E-03  0.752E-04
 -4.197  0.530E-02  0.508E-02  0.141E-03  0.713E-04
 -4.177  0.549E-02  0.527E-02  0.151E-03  0.675E-04
 -4.157  0.563E-02  0.540E-02  0.159E-03  0.639E-04
 -4.137  0.572E-02  0.549E-02  0.166E-03  0.604E-04
 -4.117  0.577E-02  0.554E-02  0.172E-03  0.571E-04
 -4.097  0.579E-02  0.556E-02  0.178E-03  0.540E-04
 -4.077  0.579E-02  0.555E-02  0.184E-03  0.511E-04
 -4.057  0.577E-02  0.553E-02  0.190E-03  0.484E-04
 -4.037  0.574E-02  0.550E-02  0.196E-03  0.460E-04
 -4.017  0.570E-02  0.545E-02  0.203E-03  0.437E-04
 -3.997  0.565E-02  0.540E-02  0.212E-03  0.416E-04
 -3.977  0.559E-02  0.533E-02  0.221E-03  0.397E-04
 -3.957  0.552E-02  0.525E-02  0.231E-03  0.379E-04
 -3.937  0.544E-02  0.517E-02  0.242E-03  0.362E-04
 -3.917  0.535E-02  0.506E-02  0.254E-03  0.346E-04
 -3.897  0.525E-02  0.495E-02  0.267E-03  0.331E-04
 -3.877  0.513E-02  0.481E-02  0.280E-03  0.316E-04
 -3.857  0.498E-02  0.466E-02  0.294E-03  0.302E-04
 -3.837  0.482E-02  0.449E-02  0.306E-03  0.288E-04
 -3.817  0.463E-02  0.429E-02  0.318E-03  0.274E-04
 -3.797  0.442E-02  0.407E-02  0.329E-03  0.260E-04
 -3.777  0.419E-02  0.382E-02  0.338E-03  0.246E-04
 -3.757  0.392E-02  0.356E-02  0.344E-03  0.231E-04
 -3.737  0.363E-02  0.327E-02  0.347E-03  0.216E-04
 -3.717  0.332E-02  0.296E-02  0.347E-03  0.201E-04
 -3.697  0.299E-02  0.263E-02  0.343E-03  0.186E-04
 -3.677  0.264E-02  0.228E-02  0.335E-03  0.170E-04
 -3.657  0.227E-02  0.193E-02  0.324E-03  0.154E-04
 -3.637  0.190E-02  0.157E-02  0.309E-03  0.138E-04
 -3.617  0.152E-02  0.122E-02  0.291E-03  0.122E-04
 -3.597  0.116E-02  0.878E-03  0.269E-03  0.106E-04
 -3.577  0.813E-03  0.558E-03  0.246E-03  0.912E-05
 -3.557  0.499E-03  0.271E-03  0.220E-03  0.767E-05
 -3.537  0.229E-03  0.296E-04  0.193E-03  0.630E-05
 -3.517  0.182E-04 -0.153E-03  0.167E-03  0.505E-05
 -3.497 -0.120E-03 -0.264E-03  0.140E-03  0.392E-05
 -3.477 -0.169E-03 -0.286E-03  0.115E-03  0.294E-05
 -3.457 -0.114E-03 -0.208E-03  0.910E-04  0.211E-05
 -3.437  0.575E-04 -0.134E-04  0.695E-04  0.146E-05
 -3.417  0.359E-03  0.307E-03  0.507E-04  0.979E-06
 -3.397  0.800E-03  0.764E-03  0.350E-04  0.675E-06
 -3.377  0.139E-02  0.136E-02  0.224E-04  0.543E-06
 -3.357  0.212E-02  0.210E-02  0.131E-04  0.576E-06
 -3.337  0.299E-02  0.298E-02  0.704E-05  0.764E-06
 -3.317  0.400E-02  0.399E-02  0.415E-05  0.109E-05
 -3.297  0.512E-02  0.512E-02  0.425E-05  0.154E-05
 -3.277  0.635E-02  0.634E-02  0.710E-05  0.209E-05
 -3.257  0.764E-02  0.763E-02  0.124E-04  0.272E-05
 -3.237  0.898E-02  0.896E-02  0.199E-04  0.341E-05
 -3.217  0.103E-01  0.103E-01  0.293E-04  0.412E-05
 -3.197  0.117E-01  0.116E-01  0.403E-04  0.485E-05
 -3.177  0.129E-01  0.129E-01  0.525E-04  0.557E-05
 -3.157  0.141E-01  0.140E-01  0.657E-04  0.625E-05
 -3.137  0.152E-01  0.151E-01  0.795E-04  0.689E-05
 -3.117  0.161E-01  0.160E-01  0.939E-04  0.746E-05
 -3.097  0.169E-01  0.168E-01  0.108E-03  0.795E-05
 -3.077  0.175E-01  0.174E-01  0.123E-03  0.836E-05
 -3.057  0.180E-01  0.179E-01  0.137E-03  0.867E-05
 -3.037  0.183E-01  0.181E-01  0.151E-03  0.890E-05
 -3.017  0.185E-01  0.183E-01  0.165E-03  0.903E-05
 -2.997  0.185E-01  0.183E-01  0.177E-03  0.908E-05
 -2.977  0.184E-01  0.182E-01  0.189E-03  0.904E-05
 -2.957  0.181E-01  0.179E-01  0.199E-03  0.892E-05
 -2.937  0.179E-01  0.176E-01  0.209E-03  0.873E-05
 -2.917  0.175E-01  0.173E-01  0.216E-03  0.847E-05
 -2.897  0.171E-01  0.168E-01  0.223E-03  0.816E-05
 -2.877  0.166E-01  0.163E-01  0.227E-03  0.779E-05
 -2.857  0.160E-01  0.158E-01  0.229E-03  0.738E-05
 -2.837  0.155E-01  0.152E-01  0.230E-03  0.693E-05
 -2.817  0.149E-01  0.146E-01  0.228E-03  0.644E-05
 -2.797  0.142E-01  0.140E-01  0.224E-03  0.592E-05
 -2.777  0.135E-01  0.133E-01  0.218E-03  0.536E-05
 -2.757  0.128E-01  0.126E-01  0.210E-03  0.478E-05
 -2.737  0.120E-01  0.118E-01  0.200E-03  0.415E-05
 -2.717  0.111E-01  0.109E-01  0.188E-03  0.349E-05
 -2.697  0.102E-01  0.100E-01  0.174E-03  0.279E-05
 -2.677  0.928E-02  0.911E-02  0.159E-03  0.202E-05
 -2.657  0.829E-02  0.815E-02  0.144E-03  0.119E-05
 -2.637  0.728E-02  0.715E-02  0.127E-03  0.268E-06
 -2.617  0.625E-02  0.614E-02  0.110E-03 -0.764E-06
 -2.597  0.521E-02  0.512E-02  0.937E-04 -0.193E-05
 -2.577  0.418E-02  0.410E-02  0.774E-04 -0.325E-05
 -2.557  0.316E-02  0.310E-02  0.618E-04 -0.474E-05
 -2.537  0.217E-02  0.213E-02  0.470E-04 -0.643E-05
 -2.517  0.122E-02  0.120E-02  0.334E-04 -0.831E-05
 -2.497  0.317E-03  0.307E-03  0.210E-04 -0.104E-04
 -2.477 -0.536E-03 -0.533E-03  0.989E-05 -0.126E-04
 -2.457 -0.133E-02 -0.131E-02  0.136E-06 -0.148E-04
 -2.437 -0.205E-02 -0.202E-02 -0.827E-05 -0.171E-04
 -2.417 -0.268E-02 -0.265E-02 -0.154E-04 -0.191E-04
 -2.397 -0.322E-02 -0.318E-02 -0.212E-04 -0.207E-04
 -2.377 -0.364E-02 -0.360E-02 -0.259E-04 -0.217E-04
 -2.357 -0.392E-02 -0.387E-02 -0.294E-04 -0.216E-04
 -2.337 -0.403E-02 -0.398E-02 -0.320E-04 -0.202E-04
 -2.317 -0.394E-02 -0.389E-02 -0.336E-04 -0.170E-04
 -2.297 -0.362E-02 -0.357E-02 -0.345E-04 -0.117E-04
 -2.277 -0.303E-02 -0.300E-02 -0.347E-04 -0.371E-05
 -2.257 -0.217E-02 -0.214E-02 -0.345E-04  0.722E-05
 -2.237 -0.996E-03 -0.983E-03 -0.341E-04  0.214E-04
 -2.217  0.485E-03  0.480E-03 -0.337E-04  0.391E-04
 -2.197  0.227E-02  0.224E-02 -0.337E-04  0.603E-04
 -2.177  0.434E-02  0.429E-02 -0.342E-04  0.850E-04
 -2.157  0.666E-02  0.658E-02 -0.356E-04  0.113E-03
 -2.137  0.918E-02  0.907E-02 -0.378E-04  0.143E-03
 -2.117  0.119E-01  0.117E-01 -0.409E-04  0.176E-03
 -2.097  0.146E-01  0.145E-01 -0.445E-04  0.209E-03
 -2.077  0.175E-01  0.173E-01 -0.478E-04  0.242E-03
 -2.057  0.204E-01  0.202E-01 -0.496E-04  0.275E-03
 -2.037  0.234E-01  0.231E-01 -0.481E-04  0.305E-03
 -2.017  0.265E-01  0.262E-01 -0.410E-04  0.331E-03
 -1.997  0.299E-01  0.295E-01 -0.252E-04  0.354E-03
 -1.977  0.336E-01  0.332E-01  0.287E-05  0.371E-03
 -1.957  0.379E-01  0.375E-01  0.475E-04  0.382E-03
 -1.937  0.432E-01  0.427E-01  0.113E-03  0.387E-03
 -1.917  0.496E-01  0.490E-01  0.205E-03  0.385E-03
 -1.897  0.575E-01  0.568E-01  0.326E-03  0.378E-03
 -1.877  0.672E-01  0.663E-01  0.482E-03  0.366E-03
 -1.857  0.790E-01  0.779E-01  0.676E-03  0.349E-03
 -1.837  0.931E-01  0.918E-01  0.909E-03  0.328E-03
 -1.817  0.110E+00  0.108E+00  0.118E-02  0.306E-03
 -1.797  0.129E+00  0.127E+00  0.150E-02  0.282E-03
 -1.777  0.150E+00  0.148E+00  0.184E-02  0.259E-03
 -1.757  0.174E+00  0.171E+00  0.223E-02  0.238E-03
 -1.737  0.199E+00  0.196E+00  0.263E-02  0.219E-03
 -1.717  0.226E+00  0.223E+00  0.305E-02  0.203E-03
 -1.697  0.253E+00  0.250E+00  0.348E-02  0.191E-03
 -1.677  0.281E+00  0.277E+00  0.390E-02  0.184E-03
 -1.657  0.308E+00  0.303E+00  0.431E-02  0.181E-03
 -1.637  0.333E+00  0.328E+00  0.470E-02  0.183E-03
 -1.617  0.356E+00  0.351E+00  0.504E-02  0.188E-03
 -1.597  0.377E+00  0.371E+00  0.535E-02  0.196E-03
 -1.577  0.394E+00  0.388E+00  0.560E-02  0.208E-03
 -1.557  0.407E+00  0.401E+00  0.580E-02  0.221E-03
 -1.537  0.417E+00  0.411E+00  0.594E-02  0.235E-03
 -1.517  0.422E+00  0.416E+00  0.602E-02  0.249E-03
 -1.497  0.424E+00  0.417E+00  0.604E-02  0.263E-03
 -1.477  0.421E+00  0.415E+00  0.602E-02  0.275E-03
 -1.457  0.415E+00  0.409E+00  0.596E-02  0.286E-03
 -1.437  0.406E+00  0.400E+00  0.586E-02  0.295E-03
 -1.417  0.395E+00  0.389E+00  0.573E-02  0.301E-03
 -1.397  0.382E+00  0.376E+00  0.559E-02  0.304E-03
 -1.377  0.367E+00  0.362E+00  0.544E-02  0.305E-03
 -1.357  0.352E+00  0.347E+00  0.530E-02  0.303E-03
 -1.337  0.337E+00  0.331E+00  0.517E-02  0.300E-03
 -1.317  0.322E+00  0.317E+00  0.506E-02  0.294E-03
 -1.297  0.308E+00  0.303E+00  0.497E-02  0.288E-03
 -1.277  0.295E+00  0.290E+00  0.490E-02  0.281E-03
 -1.257  0.284E+00  0.278E+00  0.486E-02  0.274E-03
 -1.237  0.274E+00  0.268E+00  0.485E-02  0.268E-03
 -1.217  0.265E+00  0.260E+00  0.485E-02  0.263E-03
 -1.197  0.258E+00  0.253E+00  0.488E-02  0.260E-03
 -1.177  0.253E+00  0.247E+00  0.491E-02  0.260E-03
 -1.157  0.248E+00  0.243E+00  0.496E-02  0.262E-03
 -1.137  0.244E+00  0.239E+00  0.499E-02  0.267E-03
 -1.117  0.241E+00  0.236E+00  0.502E-02  0.275E-03
 -1.097  0.239E+00  0.234E+00  0.504E-02  0.286E-03
 -1.077  0.236E+00  0.231E+00  0.503E-02  0.301E-03
 -1.057  0.234E+00  0.228E+00  0.499E-02  0.318E-03
 -1.037  0.231E+00  0.226E+00  0.493E-02  0.337E-03
 -1.017  0.227E+00  0.222E+00  0.483E-02  0.358E-03
 -0.997  0.224E+00  0.219E+00  0.470E-02  0.380E-03
 -0.977  0.219E+00  0.214E+00  0.453E-02  0.403E-03
 -0.957  0.214E+00  0.210E+00  0.434E-02  0.425E-03
 -0.937  0.209E+00  0.205E+00  0.411E-02  0.447E-03
 -0.917  0.203E+00  0.199E+00  0.387E-02  0.466E-03
 -0.897  0.198E+00  0.193E+00  0.361E-02  0.483E-03
 -0.877  0.192E+00  0.188E+00  0.335E-02  0.497E-03
 -0.857  0.186E+00  0.182E+00  0.308E-02  0.506E-03
 -0.837  0.180E+00  0.176E+00  0.283E-02  0.512E-03
 -0.817  0.174E+00  0.171E+00  0.258E-02  0.512E-03
 -0.797  0.168E+00  0.166E+00  0.236E-02  0.508E-03
 -0.777  0.163E+00  0.161E+00  0.217E-02  0.499E-03
 -0.757  0.159E+00  0.156E+00  0.201E-02  0.485E-03
 -0.737  0.154E+00  0.152E+00  0.189E-02  0.467E-03
 -0.717  0.150E+00  0.148E+00  0.180E-02  0.445E-03
 -0.697  0.147E+00  0.145E+00  0.175E-02  0.420E-03
 -0.677  0.144E+00  0.142E+00  0.174E-02  0.394E-03
 -0.657  0.141E+00  0.139E+00  0.176E-02  0.366E-03
 -0.637  0.139E+00  0.136E+00  0.181E-02  0.338E-03
 -0.617  0.136E+00  0.134E+00  0.189E-02  0.310E-03
 -0.597  0.134E+00  0.132E+00  0.199E-02  0.285E-03
 -0.577  0.133E+00  0.130E+00  0.211E-02  0.263E-03
 -0.557  0.131E+00  0.129E+00  0.223E-02  0.246E-03
 -0.537  0.130E+00  0.127E+00  0.236E-02  0.233E-03
 -0.517  0.129E+00  0.126E+00  0.249E-02  0.228E-03
 -0.497  0.128E+00  0.125E+00  0.262E-02  0.230E-03
 -0.477  0.128E+00  0.125E+00  0.273E-02  0.241E-03
 -0.457  0.127E+00  0.124E+00  0.283E-02  0.263E-03
 -0.437  0.127E+00  0.124E+00  0.291E-02  0.297E-03
 -0.417  0.127E+00  0.124E+00  0.297E-02  0.345E-03
 -0.397  0.127E+00  0.124E+00  0.301E-02  0.408E-03
 -0.377  0.128E+00  0.124E+00  0.303E-02  0.488E-03
 -0.357  0.128E+00  0.124E+00  0.303E-02  0.588E-03
 -0.337  0.128E+00  0.125E+00  0.301E-02  0.708E-03
 -0.317  0.129E+00  0.125E+00  0.298E-02  0.849E-03
 -0.297  0.129E+00  0.125E+00  0.293E-02  0.101E-02
 -0.277  0.130E+00  0.126E+00  0.288E-02  0.120E-02
 -0.257  0.130E+00  0.126E+00  0.282E-02  0.141E-02
 -0.237  0.130E+00  0.126E+00  0.276E-02  0.164E-02
 -0.217  0.131E+00  0.126E+00  0.270E-02  0.189E-02
 -0.197  0.131E+00  0.126E+00  0.265E-02  0.216E-02
 -0.177  0.130E+00  0.125E+00  0.261E-02  0.243E-02
 -0.157  0.130E+00  0.125E+00  0.259E-02  0.271E-02
 -0.137  0.130E+00  0.125E+00  0.259E-02  0.298E-02
 -0.117  0.130E+00  0.124E+00  0.261E-02  0.325E-02
 -0.097  0.130E+00  0.123E+00  0.266E-02  0.350E-02
 -0.077  0.129E+00  0.123E+00  0.274E-02  0.373E-02
 -0.057  0.129E+00  0.122E+00  0.285E-02  0.394E-02
 -0.037  0.129E+00  0.122E+00  0.299E-02  0.411E-02
 -0.017  0.129E+00  0.121E+00  0.317E-02  0.426E-02
  0.003  0.129E+00  0.121E+00  0.338E-02  0.438E-02
  0.023  0.129E+00  0.121E+00  0.363E-02  0.447E-02
  0.043  0.129E+00  0.121E+00  0.393E-02  0.453E-02
  0.063  0.130E+00  0.121E+00  0.426E-02  0.459E-02
  0.083  0.130E+00  0.121E+00  0.463E-02  0.464E-02
  0.103  0.131E+00  0.122E+00  0.505E-02  0.470E-02
  0.123  0.132E+00  0.122E+00  0.551E-02  0.478E-02
  0.143  0.133E+00  0.123E+00  0.600E-02  0.488E-02
  0.163  0.135E+00  0.123E+00  0.653E-02  0.501E-02
  0.183  0.136E+00  0.124E+00  0.709E-02  0.519E-02
  0.203  0.138E+00  0.124E+00  0.768E-02  0.540E-02
  0.223  0.139E+00  0.125E+00  0.827E-02  0.566E-02
  0.243  0.141E+00  0.126E+00  0.887E-02  0.596E-02
  0.263  0.143E+00  0.127E+00  0.946E-02  0.630E-02
  0.283  0.144E+00  0.128E+00  0.100E-01  0.665E-02
  0.303  0.146E+00  0.129E+00  0.106E-01  0.702E-02
  0.323  0.148E+00  0.129E+00  0.110E-01  0.739E-02
  0.343  0.150E+00  0.130E+00  0.114E-01  0.775E-02
  0.363  0.151E+00  0.131E+00  0.118E-01  0.807E-02
  0.383  0.153E+00  0.132E+00  0.120E-01  0.836E-02
  0.403  0.154E+00  0.133E+00  0.122E-01  0.859E-02
  0.423  0.155E+00  0.134E+00  0.123E-01  0.875E-02
  0.443  0.157E+00  0.136E+00  0.122E-01  0.885E-02
  0.463  0.158E+00  0.137E+00  0.121E-01  0.887E-02
  0.483  0.159E+00  0.138E+00  0.119E-01  0.881E-02
  0.503  0.159E+00  0.139E+00  0.116E-01  0.867E-02
  0.523  0.160E+00  0.141E+00  0.112E-01  0.847E-02
  0.543  0.161E+00  0.142E+00  0.107E-01  0.819E-02
  0.563  0.161E+00  0.143E+00  0.102E-01  0.785E-02
  0.583  0.161E+00  0.144E+00  0.966E-02  0.746E-02
  0.603  0.161E+00  0.145E+00  0.907E-02  0.702E-02
  0.623  0.160E+00  0.145E+00  0.847E-02  0.655E-02
  0.643  0.160E+00  0.146E+00  0.787E-02  0.605E-02
  0.663  0.158E+00  0.145E+00  0.726E-02  0.554E-02
  0.683  0.157E+00  0.145E+00  0.667E-02  0.503E-02
  0.703  0.154E+00  0.144E+00  0.609E-02  0.451E-02
  0.723  0.151E+00  0.142E+00  0.554E-02  0.401E-02
  0.743  0.147E+00  0.139E+00  0.501E-02  0.353E-02
  0.763  0.143E+00  0.135E+00  0.451E-02  0.306E-02
  0.783  0.138E+00  0.131E+00  0.405E-02  0.263E-02
  0.803  0.132E+00  0.126E+00  0.361E-02  0.223E-02
  0.823  0.125E+00  0.120E+00  0.321E-02  0.186E-02
  0.843  0.118E+00  0.113E+00  0.283E-02  0.152E-02
  0.863  0.109E+00  0.106E+00  0.249E-02  0.123E-02
  0.883  0.101E+00  0.976E-01  0.217E-02  0.964E-03
  0.903  0.916E-01  0.890E-01  0.187E-02  0.737E-03
  0.923  0.823E-01  0.801E-01  0.160E-02  0.542E-03
  0.943  0.728E-01  0.711E-01  0.136E-02  0.379E-03
  0.963  0.634E-01  0.620E-01  0.113E-02  0.243E-03
  0.983  0.542E-01  0.531E-01  0.929E-03  0.134E-03
  1.003  0.454E-01  0.446E-01  0.746E-03  0.468E-04
  1.023  0.371E-01  0.365E-01  0.582E-03 -0.199E-04
  1.043  0.294E-01  0.290E-01  0.439E-03 -0.693E-04
  1.063  0.224E-01  0.222E-01  0.313E-03 -0.104E-03
  1.083  0.163E-01  0.162E-01  0.206E-03 -0.127E-03
  1.103  0.110E-01  0.110E-01  0.116E-03 -0.139E-03
  1.123  0.652E-02  0.662E-02  0.424E-04 -0.144E-03
  1.143  0.286E-02  0.302E-02 -0.163E-04 -0.143E-03
  1.163 -0.351E-04  0.164E-03 -0.613E-04 -0.138E-03
  1.183 -0.222E-02 -0.200E-02 -0.941E-04 -0.129E-03
  1.203 -0.378E-02 -0.355E-02 -0.116E-03 -0.118E-03
  1.223 -0.480E-02 -0.456E-02 -0.129E-03 -0.107E-03
  1.243 -0.536E-02 -0.513E-02 -0.135E-03 -0.944E-04
  1.263 -0.557E-02 -0.535E-02 -0.134E-03 -0.823E-04
  1.283 -0.549E-02 -0.529E-02 -0.129E-03 -0.708E-04
  1.303 -0.521E-02 -0.503E-02 -0.121E-03 -0.601E-04
  1.323 -0.479E-02 -0.463E-02 -0.111E-03 -0.504E-04
  1.343 -0.429E-02 -0.415E-02 -0.990E-04 -0.417E-04
  1.363 -0.376E-02 -0.364E-02 -0.869E-04 -0.342E-04
  1.383 -0.323E-02 -0.313E-02 -0.749E-04 -0.276E-04
  1.403 -0.272E-02 -0.263E-02 -0.635E-04 -0.221E-04
  1.423 -0.225E-02 -0.218E-02 -0.531E-04 -0.175E-04
  1.443 -0.183E-02 -0.177E-02 -0.437E-04 -0.137E-04
  1.463 -0.147E-02 -0.142E-02 -0.354E-04 -0.106E-04
  1.483 -0.116E-02 -0.112E-02 -0.283E-04 -0.814E-05
  1.503 -0.899E-03 -0.870E-03 -0.224E-04 -0.618E-05
  1.523 -0.689E-03 -0.667E-03 -0.174E-04 -0.463E-05
  1.543 -0.521E-03 -0.504E-03 -0.134E-04 -0.344E-05
  1.563 -0.389E-03 -0.376E-03 -0.102E-04 -0.253E-05
  1.583 -0.286E-03 -0.277E-03 -0.765E-05 -0.184E-05
  1.603 -0.208E-03 -0.201E-03 -0.567E-05 -0.133E-05
  1.623 -0.149E-03 -0.144E-03 -0.415E-05 -0.945E-06
  1.643 -0.106E-03 -0.102E-03 -0.300E-05 -0.666E-06
  1.663 -0.739E-04 -0.713E-04 -0.215E-05 -0.465E-06
  1.683 -0.511E-04 -0.493E-04 -0.152E-05 -0.321E-06
  1.703 -0.349E-04 -0.336E-04 -0.106E-05 -0.220E-06
  1.723 -0.235E-04 -0.226E-04 -0.731E-06 -0.149E-06
  1.743 -0.157E-04 -0.151E-04 -0.499E-06 -0.995E-07
  1.763 -0.103E-04 -0.992E-05 -0.336E-06 -0.659E-07
  1.783 -0.672E-05 -0.645E-05 -0.224E-06 -0.432E-07
