# E (eV)   ldos(E)   pdos(E)    pdos(E)    pdos(E)   
-22.897 -0.131E-04 -0.944E-07 -0.118E-04 -0.122E-05
-22.877 -0.193E-04 -0.140E-06 -0.174E-04 -0.182E-05
-22.857 -0.282E-04 -0.204E-06 -0.253E-04 -0.267E-05
-22.837 -0.406E-04 -0.295E-06 -0.364E-04 -0.386E-05
-22.817 -0.577E-04 -0.420E-06 -0.517E-04 -0.552E-05
-22.797 -0.809E-04 -0.590E-06 -0.725E-04 -0.779E-05
-22.777 -0.112E-03 -0.819E-06 -0.100E-03 -0.109E-04
-22.757 -0.153E-03 -0.112E-05 -0.137E-03 -0.149E-04
-22.737 -0.206E-03 -0.151E-05 -0.184E-03 -0.202E-04
-22.717 -0.274E-03 -0.201E-05 -0.245E-03 -0.271E-04
-22.697 -0.358E-03 -0.264E-05 -0.320E-03 -0.357E-04
-22.677 -0.461E-03 -0.341E-05 -0.412E-03 -0.463E-04
-22.657 -0.586E-03 -0.434E-05 -0.522E-03 -0.592E-04
-22.637 -0.731E-03 -0.543E-05 -0.651E-03 -0.746E-04
-22.617 -0.897E-03 -0.668E-05 -0.798E-03 -0.924E-04
-22.597 -0.108E-02 -0.807E-05 -0.960E-03 -0.112E-03
-22.577 -0.128E-02 -0.956E-05 -0.113E-02 -0.134E-03
-22.557 -0.147E-02 -0.111E-04 -0.131E-02 -0.157E-03
-22.537 -0.166E-02 -0.125E-04 -0.147E-02 -0.180E-03
-22.517 -0.182E-02 -0.138E-04 -0.161E-02 -0.201E-03
-22.497 -0.193E-02 -0.147E-04 -0.170E-02 -0.217E-03
-22.477 -0.197E-02 -0.150E-04 -0.173E-02 -0.227E-03
-22.457 -0.189E-02 -0.146E-04 -0.165E-02 -0.228E-03
-22.437 -0.167E-02 -0.130E-04 -0.145E-02 -0.214E-03
-22.417 -0.127E-02 -0.101E-04 -0.108E-02 -0.184E-03
-22.397 -0.656E-03 -0.545E-05 -0.520E-03 -0.131E-03
-22.377  0.216E-03  0.111E-05  0.269E-03 -0.533E-04
-22.357  0.137E-02  0.987E-05  0.131E-02  0.536E-04
-22.337  0.284E-02  0.210E-04  0.262E-02  0.192E-03
-22.317  0.462E-02  0.347E-04  0.422E-02  0.364E-03
-22.297  0.672E-02  0.508E-04  0.609E-02  0.571E-03
-22.277  0.911E-02  0.693E-04  0.823E-02  0.809E-03
-22.257  0.118E-01  0.899E-04  0.106E-01  0.108E-02
-22.237  0.146E-01  0.112E-03  0.131E-01  0.137E-02
-22.217  0.176E-01  0.136E-03  0.158E-01  0.168E-02
-22.197  0.207E-01  0.159E-03  0.185E-01  0.201E-02
-22.177  0.237E-01  0.183E-03  0.212E-01  0.233E-02
-22.157  0.266E-01  0.206E-03  0.237E-01  0.265E-02
-22.137  0.292E-01  0.226E-03  0.261E-01  0.295E-02
-22.117  0.316E-01  0.244E-03  0.281E-01  0.322E-02
-22.097  0.335E-01  0.258E-03  0.298E-01  0.346E-02
-22.077  0.349E-01  0.269E-03  0.310E-01  0.367E-02
-22.057  0.359E-01  0.275E-03  0.318E-01  0.383E-02
-22.037  0.364E-01  0.276E-03  0.321E-01  0.396E-02
-22.017  0.364E-01  0.274E-03  0.320E-01  0.406E-02
-21.997  0.359E-01  0.266E-03  0.315E-01  0.412E-02
-21.977  0.350E-01  0.255E-03  0.306E-01  0.417E-02
-21.957  0.338E-01  0.241E-03  0.294E-01  0.421E-02
-21.937  0.324E-01  0.225E-03  0.279E-01  0.426E-02
-21.917  0.309E-01  0.207E-03  0.264E-01  0.432E-02
-21.897  0.293E-01  0.188E-03  0.247E-01  0.440E-02
-21.877  0.278E-01  0.170E-03  0.231E-01  0.453E-02
-21.857  0.264E-01  0.153E-03  0.215E-01  0.470E-02
-21.837  0.251E-01  0.137E-03  0.201E-01  0.491E-02
-21.817  0.241E-01  0.124E-03  0.188E-01  0.518E-02
-21.797  0.233E-01  0.114E-03  0.177E-01  0.550E-02
-21.777  0.227E-01  0.107E-03  0.168E-01  0.586E-02
-21.757  0.224E-01  0.102E-03  0.160E-01  0.625E-02
-21.737  0.222E-01  0.101E-03  0.154E-01  0.667E-02
-21.717  0.221E-01  0.102E-03  0.149E-01  0.711E-02
-21.697  0.222E-01  0.105E-03  0.145E-01  0.754E-02
-21.677  0.223E-01  0.110E-03  0.142E-01  0.796E-02
-21.657  0.224E-01  0.116E-03  0.140E-01  0.835E-02
-21.637  0.225E-01  0.123E-03  0.137E-01  0.870E-02
-21.617  0.226E-01  0.130E-03  0.135E-01  0.900E-02
-21.597  0.226E-01  0.137E-03  0.132E-01  0.925E-02
-21.577  0.225E-01  0.143E-03  0.130E-01  0.944E-02
-21.557  0.224E-01  0.149E-03  0.127E-01  0.956E-02
-21.537  0.223E-01  0.153E-03  0.125E-01  0.962E-02
-21.517  0.220E-01  0.156E-03  0.123E-01  0.961E-02
-21.497  0.218E-01  0.158E-03  0.121E-01  0.955E-02
-21.477  0.215E-01  0.158E-03  0.119E-01  0.944E-02
-21.457  0.213E-01  0.157E-03  0.118E-01  0.929E-02
-21.437  0.210E-01  0.155E-03  0.118E-01  0.911E-02
-21.417  0.208E-01  0.153E-03  0.117E-01  0.891E-02
-21.397  0.206E-01  0.150E-03  0.118E-01  0.871E-02
-21.377  0.205E-01  0.147E-03  0.118E-01  0.852E-02
-21.357  0.204E-01  0.144E-03  0.119E-01  0.835E-02
-21.337  0.203E-01  0.141E-03  0.120E-01  0.820E-02
-21.317  0.203E-01  0.139E-03  0.121E-01  0.810E-02
-21.297  0.203E-01  0.138E-03  0.121E-01  0.804E-02
-21.277  0.203E-01  0.138E-03  0.122E-01  0.802E-02
-21.257  0.203E-01  0.139E-03  0.121E-01  0.807E-02
-21.237  0.204E-01  0.141E-03  0.121E-01  0.816E-02
-21.217  0.204E-01  0.144E-03  0.120E-01  0.831E-02
-21.197  0.204E-01  0.149E-03  0.118E-01  0.850E-02
-21.177  0.205E-01  0.155E-03  0.116E-01  0.874E-02
-21.157  0.205E-01  0.162E-03  0.113E-01  0.902E-02
-21.137  0.205E-01  0.171E-03  0.110E-01  0.933E-02
-21.117  0.204E-01  0.180E-03  0.106E-01  0.966E-02
-21.097  0.204E-01  0.190E-03  0.102E-01  0.999E-02
-21.077  0.203E-01  0.202E-03  0.980E-02  0.103E-01
-21.057  0.202E-01  0.213E-03  0.939E-02  0.106E-01
-21.037  0.202E-01  0.226E-03  0.900E-02  0.109E-01
-21.017  0.200E-01  0.238E-03  0.864E-02  0.112E-01
-20.997  0.199E-01  0.250E-03  0.832E-02  0.114E-01
-20.977  0.198E-01  0.263E-03  0.805E-02  0.115E-01
-20.957  0.197E-01  0.274E-03  0.786E-02  0.115E-01
-20.937  0.195E-01  0.285E-03  0.775E-02  0.115E-01
-20.917  0.193E-01  0.295E-03  0.773E-02  0.113E-01
-20.897  0.192E-01  0.303E-03  0.780E-02  0.111E-01
-20.877  0.190E-01  0.310E-03  0.796E-02  0.107E-01
-20.857  0.188E-01  0.315E-03  0.822E-02  0.103E-01
-20.837  0.187E-01  0.318E-03  0.856E-02  0.978E-02
-20.817  0.185E-01  0.319E-03  0.898E-02  0.918E-02
-20.797  0.183E-01  0.317E-03  0.945E-02  0.853E-02
-20.777  0.181E-01  0.313E-03  0.995E-02  0.784E-02
-20.757  0.179E-01  0.307E-03  0.105E-01  0.713E-02
-20.737  0.177E-01  0.298E-03  0.110E-01  0.642E-02
-20.717  0.175E-01  0.287E-03  0.115E-01  0.575E-02
-20.697  0.173E-01  0.275E-03  0.119E-01  0.514E-02
-20.677  0.171E-01  0.261E-03  0.122E-01  0.460E-02
-20.657  0.169E-01  0.246E-03  0.125E-01  0.417E-02
-20.637  0.168E-01  0.230E-03  0.127E-01  0.387E-02
-20.617  0.168E-01  0.214E-03  0.128E-01  0.371E-02
-20.597  0.168E-01  0.199E-03  0.129E-01  0.373E-02
-20.577  0.170E-01  0.184E-03  0.129E-01  0.393E-02
-20.557  0.173E-01  0.171E-03  0.128E-01  0.432E-02
-20.537  0.178E-01  0.160E-03  0.127E-01  0.492E-02
-20.517  0.185E-01  0.152E-03  0.126E-01  0.573E-02
-20.497  0.194E-01  0.146E-03  0.125E-01  0.676E-02
-20.477  0.206E-01  0.144E-03  0.125E-01  0.800E-02
-20.457  0.221E-01  0.146E-03  0.125E-01  0.944E-02
-20.437  0.238E-01  0.150E-03  0.125E-01  0.111E-01
-20.417  0.257E-01  0.159E-03  0.126E-01  0.129E-01
-20.397  0.278E-01  0.171E-03  0.128E-01  0.148E-01
-20.377  0.301E-01  0.186E-03  0.131E-01  0.169E-01
-20.357  0.325E-01  0.203E-03  0.133E-01  0.190E-01
-20.337  0.350E-01  0.223E-03  0.136E-01  0.212E-01
-20.317  0.374E-01  0.244E-03  0.138E-01  0.233E-01
-20.297  0.397E-01  0.266E-03  0.141E-01  0.254E-01
-20.277  0.419E-01  0.288E-03  0.142E-01  0.273E-01
-20.257  0.438E-01  0.310E-03  0.144E-01  0.291E-01
-20.237  0.454E-01  0.330E-03  0.144E-01  0.307E-01
-20.217  0.467E-01  0.348E-03  0.143E-01  0.320E-01
-20.197  0.476E-01  0.363E-03  0.142E-01  0.330E-01
-20.177  0.481E-01  0.376E-03  0.139E-01  0.338E-01
-20.157  0.482E-01  0.385E-03  0.136E-01  0.342E-01
-20.137  0.480E-01  0.391E-03  0.133E-01  0.343E-01
-20.117  0.474E-01  0.393E-03  0.129E-01  0.341E-01
-20.097  0.465E-01  0.392E-03  0.125E-01  0.336E-01
-20.077  0.454E-01  0.387E-03  0.121E-01  0.329E-01
-20.057  0.441E-01  0.380E-03  0.118E-01  0.319E-01
-20.037  0.427E-01  0.371E-03  0.115E-01  0.308E-01
-20.017  0.413E-01  0.359E-03  0.114E-01  0.296E-01
-19.997  0.400E-01  0.347E-03  0.113E-01  0.284E-01
-19.977  0.387E-01  0.334E-03  0.113E-01  0.271E-01
-19.957  0.376E-01  0.321E-03  0.114E-01  0.259E-01
-19.937  0.366E-01  0.309E-03  0.116E-01  0.247E-01
-19.917  0.359E-01  0.298E-03  0.119E-01  0.237E-01
-19.897  0.353E-01  0.289E-03  0.123E-01  0.227E-01
-19.877  0.350E-01  0.281E-03  0.128E-01  0.220E-01
-19.857  0.349E-01  0.276E-03  0.132E-01  0.214E-01
-19.837  0.350E-01  0.272E-03  0.138E-01  0.210E-01
-19.817  0.353E-01  0.270E-03  0.143E-01  0.207E-01
-19.797  0.356E-01  0.271E-03  0.148E-01  0.206E-01
-19.777  0.361E-01  0.272E-03  0.152E-01  0.206E-01
-19.757  0.366E-01  0.275E-03  0.156E-01  0.207E-01
-19.737  0.371E-01  0.279E-03  0.160E-01  0.209E-01
-19.717  0.376E-01  0.283E-03  0.162E-01  0.211E-01
-19.697  0.379E-01  0.286E-03  0.163E-01  0.213E-01
-19.677  0.382E-01  0.290E-03  0.164E-01  0.215E-01
-19.657  0.382E-01  0.292E-03  0.163E-01  0.216E-01
-19.637  0.381E-01  0.293E-03  0.161E-01  0.217E-01
-19.617  0.378E-01  0.292E-03  0.158E-01  0.216E-01
-19.597  0.372E-01  0.290E-03  0.155E-01  0.215E-01
-19.577  0.365E-01  0.285E-03  0.150E-01  0.212E-01
-19.557  0.355E-01  0.278E-03  0.144E-01  0.208E-01
-19.537  0.343E-01  0.270E-03  0.138E-01  0.202E-01
-19.517  0.330E-01  0.259E-03  0.131E-01  0.196E-01
-19.497  0.315E-01  0.247E-03  0.124E-01  0.188E-01
-19.477  0.298E-01  0.233E-03  0.116E-01  0.180E-01
-19.457  0.281E-01  0.218E-03  0.108E-01  0.171E-01
-19.437  0.264E-01  0.203E-03  0.100E-01  0.161E-01
-19.417  0.247E-01  0.187E-03  0.928E-02  0.152E-01
-19.397  0.230E-01  0.172E-03  0.853E-02  0.143E-01
-19.377  0.213E-01  0.157E-03  0.782E-02  0.134E-01
-19.357  0.198E-01  0.142E-03  0.716E-02  0.125E-01
-19.337  0.184E-01  0.130E-03  0.655E-02  0.117E-01
-19.317  0.172E-01  0.118E-03  0.601E-02  0.111E-01
-19.297  0.161E-01  0.108E-03  0.553E-02  0.105E-01
-19.277  0.152E-01  0.101E-03  0.511E-02  0.100E-01
-19.257  0.145E-01  0.954E-04  0.477E-02  0.967E-02
-19.237  0.140E-01  0.924E-04  0.449E-02  0.946E-02
-19.217  0.138E-01  0.920E-04  0.427E-02  0.939E-02
-19.197  0.137E-01  0.945E-04  0.412E-02  0.947E-02
-19.177  0.138E-01  0.999E-04  0.403E-02  0.970E-02
-19.157  0.142E-01  0.108E-03  0.399E-02  0.101E-01
-19.137  0.148E-01  0.120E-03  0.401E-02  0.107E-01
-19.117  0.156E-01  0.135E-03  0.407E-02  0.114E-01
-19.097  0.166E-01  0.153E-03  0.418E-02  0.123E-01
-19.077  0.179E-01  0.175E-03  0.432E-02  0.134E-01
-19.057  0.195E-01  0.199E-03  0.451E-02  0.148E-01
-19.037  0.212E-01  0.227E-03  0.472E-02  0.163E-01
-19.017  0.232E-01  0.257E-03  0.497E-02  0.180E-01
-18.997  0.254E-01  0.289E-03  0.524E-02  0.199E-01
-18.977  0.279E-01  0.323E-03  0.554E-02  0.220E-01
-18.957  0.305E-01  0.357E-03  0.585E-02  0.243E-01
-18.937  0.332E-01  0.392E-03  0.618E-02  0.267E-01
-18.917  0.362E-01  0.427E-03  0.651E-02  0.292E-01
-18.897  0.391E-01  0.460E-03  0.685E-02  0.318E-01
-18.877  0.422E-01  0.491E-03  0.718E-02  0.345E-01
-18.857  0.452E-01  0.520E-03  0.751E-02  0.371E-01
-18.837  0.481E-01  0.545E-03  0.782E-02  0.397E-01
-18.817  0.508E-01  0.566E-03  0.811E-02  0.421E-01
-18.797  0.533E-01  0.583E-03  0.836E-02  0.443E-01
-18.777  0.555E-01  0.594E-03  0.858E-02  0.463E-01
-18.757  0.573E-01  0.599E-03  0.876E-02  0.479E-01
-18.737  0.586E-01  0.599E-03  0.888E-02  0.492E-01
-18.717  0.595E-01  0.594E-03  0.896E-02  0.500E-01
-18.697  0.599E-01  0.583E-03  0.897E-02  0.503E-01
-18.677  0.597E-01  0.568E-03  0.892E-02  0.502E-01
-18.657  0.590E-01  0.548E-03  0.881E-02  0.496E-01
-18.637  0.577E-01  0.525E-03  0.863E-02  0.486E-01
-18.617  0.561E-01  0.499E-03  0.841E-02  0.472E-01
-18.597  0.540E-01  0.471E-03  0.813E-02  0.454E-01
-18.577  0.516E-01  0.443E-03  0.780E-02  0.433E-01
-18.557  0.489E-01  0.416E-03  0.744E-02  0.411E-01
-18.537  0.461E-01  0.390E-03  0.705E-02  0.387E-01
-18.517  0.433E-01  0.366E-03  0.664E-02  0.363E-01
-18.497  0.406E-01  0.345E-03  0.621E-02  0.340E-01
-18.477  0.379E-01  0.327E-03  0.579E-02  0.318E-01
-18.457  0.355E-01  0.313E-03  0.537E-02  0.299E-01
-18.437  0.334E-01  0.304E-03  0.496E-02  0.281E-01
-18.417  0.316E-01  0.298E-03  0.458E-02  0.267E-01
-18.397  0.301E-01  0.297E-03  0.423E-02  0.256E-01
-18.377  0.291E-01  0.299E-03  0.392E-02  0.248E-01
-18.357  0.284E-01  0.305E-03  0.366E-02  0.244E-01
-18.337  0.281E-01  0.314E-03  0.345E-02  0.244E-01
-18.317  0.283E-01  0.327E-03  0.332E-02  0.247E-01
-18.297  0.289E-01  0.342E-03  0.326E-02  0.253E-01
-18.277  0.299E-01  0.361E-03  0.329E-02  0.263E-01
-18.257  0.314E-01  0.382E-03  0.343E-02  0.276E-01
-18.237  0.333E-01  0.406E-03  0.367E-02  0.292E-01
-18.217  0.357E-01  0.433E-03  0.403E-02  0.312E-01
-18.197  0.384E-01  0.462E-03  0.451E-02  0.334E-01
-18.177  0.416E-01  0.494E-03  0.511E-02  0.360E-01
-18.157  0.451E-01  0.528E-03  0.583E-02  0.387E-01
-18.137  0.489E-01  0.563E-03  0.667E-02  0.416E-01
-18.117  0.529E-01  0.600E-03  0.760E-02  0.447E-01
-18.097  0.571E-01  0.637E-03  0.861E-02  0.478E-01
-18.077  0.613E-01  0.673E-03  0.968E-02  0.509E-01
-18.057  0.654E-01  0.708E-03  0.108E-01  0.539E-01
-18.037  0.693E-01  0.741E-03  0.119E-01  0.567E-01
-18.017  0.730E-01  0.770E-03  0.130E-01  0.592E-01
-17.997  0.763E-01  0.794E-03  0.141E-01  0.614E-01
-17.977  0.791E-01  0.814E-03  0.151E-01  0.632E-01
-17.957  0.814E-01  0.829E-03  0.160E-01  0.645E-01
-17.937  0.831E-01  0.837E-03  0.168E-01  0.654E-01
-17.917  0.842E-01  0.840E-03  0.175E-01  0.658E-01
-17.897  0.847E-01  0.838E-03  0.181E-01  0.658E-01
-17.877  0.847E-01  0.830E-03  0.186E-01  0.653E-01
-17.857  0.841E-01  0.817E-03  0.189E-01  0.644E-01
-17.837  0.832E-01  0.801E-03  0.191E-01  0.633E-01
-17.817  0.818E-01  0.782E-03  0.192E-01  0.619E-01
-17.797  0.801E-01  0.760E-03  0.191E-01  0.603E-01
-17.777  0.782E-01  0.737E-03  0.190E-01  0.585E-01
-17.757  0.762E-01  0.713E-03  0.188E-01  0.567E-01
-17.737  0.740E-01  0.690E-03  0.184E-01  0.549E-01
-17.717  0.718E-01  0.666E-03  0.180E-01  0.531E-01
-17.697  0.695E-01  0.643E-03  0.176E-01  0.513E-01
-17.677  0.673E-01  0.622E-03  0.171E-01  0.496E-01
-17.657  0.651E-01  0.601E-03  0.165E-01  0.480E-01
-17.637  0.630E-01  0.582E-03  0.159E-01  0.465E-01
-17.617  0.610E-01  0.565E-03  0.152E-01  0.452E-01
-17.597  0.591E-01  0.549E-03  0.146E-01  0.440E-01
-17.577  0.573E-01  0.535E-03  0.139E-01  0.429E-01
-17.557  0.557E-01  0.522E-03  0.132E-01  0.419E-01
-17.537  0.542E-01  0.511E-03  0.126E-01  0.411E-01
-17.517  0.529E-01  0.502E-03  0.119E-01  0.405E-01
-17.497  0.518E-01  0.495E-03  0.113E-01  0.400E-01
-17.477  0.509E-01  0.489E-03  0.108E-01  0.396E-01
-17.457  0.501E-01  0.485E-03  0.103E-01  0.394E-01
-17.437  0.496E-01  0.482E-03  0.981E-02  0.393E-01
-17.417  0.492E-01  0.480E-03  0.942E-02  0.393E-01
-17.397  0.490E-01  0.480E-03  0.910E-02  0.394E-01
-17.377  0.489E-01  0.479E-03  0.885E-02  0.395E-01
-17.357  0.489E-01  0.479E-03  0.867E-02  0.398E-01
-17.337  0.490E-01  0.479E-03  0.855E-02  0.400E-01
-17.317  0.492E-01  0.479E-03  0.850E-02  0.402E-01
-17.297  0.494E-01  0.478E-03  0.851E-02  0.404E-01
-17.277  0.496E-01  0.477E-03  0.857E-02  0.406E-01
-17.257  0.499E-01  0.476E-03  0.868E-02  0.407E-01
-17.237  0.502E-01  0.474E-03  0.883E-02  0.409E-01
-17.217  0.505E-01  0.471E-03  0.902E-02  0.410E-01
-17.197  0.508E-01  0.468E-03  0.924E-02  0.411E-01
-17.177  0.511E-01  0.466E-03  0.947E-02  0.412E-01
-17.157  0.514E-01  0.463E-03  0.973E-02  0.412E-01
-17.137  0.518E-01  0.461E-03  0.999E-02  0.413E-01
-17.117  0.522E-01  0.459E-03  0.102E-01  0.415E-01
-17.097  0.525E-01  0.459E-03  0.105E-01  0.416E-01
-17.077  0.529E-01  0.458E-03  0.107E-01  0.417E-01
-17.057  0.533E-01  0.459E-03  0.109E-01  0.419E-01
-17.037  0.536E-01  0.460E-03  0.111E-01  0.420E-01
-17.017  0.538E-01  0.461E-03  0.112E-01  0.421E-01
-16.997  0.539E-01  0.462E-03  0.113E-01  0.422E-01
-16.977  0.539E-01  0.463E-03  0.113E-01  0.422E-01
-16.957  0.537E-01  0.464E-03  0.112E-01  0.420E-01
-16.937  0.534E-01  0.464E-03  0.111E-01  0.418E-01
-16.917  0.528E-01  0.462E-03  0.109E-01  0.414E-01
-16.897  0.520E-01  0.459E-03  0.107E-01  0.408E-01
-16.877  0.509E-01  0.455E-03  0.104E-01  0.401E-01
-16.857  0.497E-01  0.449E-03  0.100E-01  0.392E-01
-16.837  0.483E-01  0.441E-03  0.965E-02  0.382E-01
-16.817  0.468E-01  0.432E-03  0.923E-02  0.371E-01
-16.797  0.452E-01  0.421E-03  0.881E-02  0.359E-01
-16.777  0.435E-01  0.410E-03  0.838E-02  0.347E-01
-16.757  0.418E-01  0.398E-03  0.798E-02  0.334E-01
-16.737  0.402E-01  0.386E-03  0.760E-02  0.322E-01
-16.717  0.387E-01  0.375E-03  0.728E-02  0.310E-01
-16.697  0.373E-01  0.364E-03  0.701E-02  0.299E-01
-16.677  0.362E-01  0.354E-03  0.681E-02  0.290E-01
-16.657  0.353E-01  0.346E-03  0.669E-02  0.283E-01
-16.637  0.347E-01  0.340E-03  0.666E-02  0.277E-01
-16.617  0.345E-01  0.336E-03  0.673E-02  0.274E-01
-16.597  0.346E-01  0.334E-03  0.688E-02  0.273E-01
-16.577  0.350E-01  0.335E-03  0.713E-02  0.275E-01
-16.557  0.357E-01  0.339E-03  0.748E-02  0.279E-01
-16.537  0.368E-01  0.345E-03  0.790E-02  0.286E-01
-16.517  0.382E-01  0.354E-03  0.841E-02  0.294E-01
-16.497  0.398E-01  0.364E-03  0.897E-02  0.305E-01
-16.477  0.416E-01  0.376E-03  0.958E-02  0.316E-01
-16.457  0.435E-01  0.389E-03  0.102E-01  0.329E-01
-16.437  0.455E-01  0.403E-03  0.109E-01  0.342E-01
-16.417  0.474E-01  0.416E-03  0.115E-01  0.355E-01
-16.397  0.491E-01  0.428E-03  0.121E-01  0.366E-01
-16.377  0.506E-01  0.437E-03  0.126E-01  0.376E-01
-16.357  0.518E-01  0.444E-03  0.130E-01  0.384E-01
-16.337  0.525E-01  0.448E-03  0.133E-01  0.388E-01
-16.317  0.528E-01  0.447E-03  0.134E-01  0.389E-01
-16.297  0.524E-01  0.441E-03  0.134E-01  0.386E-01
-16.277  0.515E-01  0.430E-03  0.133E-01  0.378E-01
-16.257  0.499E-01  0.414E-03  0.129E-01  0.366E-01
-16.237  0.478E-01  0.393E-03  0.124E-01  0.349E-01
-16.217  0.451E-01  0.368E-03  0.118E-01  0.329E-01
-16.197  0.419E-01  0.338E-03  0.110E-01  0.305E-01
-16.177  0.383E-01  0.306E-03  0.101E-01  0.279E-01
-16.157  0.344E-01  0.272E-03  0.913E-02  0.250E-01
-16.137  0.305E-01  0.238E-03  0.810E-02  0.221E-01
-16.117  0.265E-01  0.205E-03  0.705E-02  0.192E-01
-16.097  0.226E-01  0.174E-03  0.602E-02  0.164E-01
-16.077  0.190E-01  0.147E-03  0.503E-02  0.139E-01
-16.057  0.158E-01  0.125E-03  0.412E-02  0.116E-01
-16.037  0.131E-01  0.110E-03  0.330E-02  0.970E-02
-16.017  0.110E-01  0.102E-03  0.260E-02  0.825E-02
-15.997  0.942E-02  0.101E-03  0.203E-02  0.728E-02
-15.977  0.850E-02  0.110E-03  0.160E-02  0.680E-02
-15.957  0.822E-02  0.126E-03  0.130E-02  0.679E-02
-15.937  0.852E-02  0.151E-03  0.113E-02  0.724E-02
-15.917  0.936E-02  0.182E-03  0.108E-02  0.810E-02
-15.897  0.107E-01  0.220E-03  0.114E-02  0.930E-02
-15.877  0.123E-01  0.263E-03  0.128E-02  0.108E-01
-15.857  0.143E-01  0.309E-03  0.150E-02  0.125E-01
-15.837  0.165E-01  0.358E-03  0.178E-02  0.143E-01
-15.817  0.187E-01  0.407E-03  0.209E-02  0.162E-01
-15.797  0.211E-01  0.456E-03  0.242E-02  0.182E-01
-15.777  0.234E-01  0.503E-03  0.276E-02  0.202E-01
-15.757  0.258E-01  0.549E-03  0.311E-02  0.222E-01
-15.737  0.283E-01  0.591E-03  0.346E-02  0.242E-01
-15.717  0.308E-01  0.631E-03  0.382E-02  0.263E-01
-15.697  0.334E-01  0.668E-03  0.419E-02  0.286E-01
-15.677  0.363E-01  0.704E-03  0.459E-02  0.310E-01
-15.657  0.395E-01  0.739E-03  0.504E-02  0.338E-01
-15.637  0.432E-01  0.774E-03  0.555E-02  0.369E-01
-15.617  0.475E-01  0.810E-03  0.615E-02  0.405E-01
-15.597  0.523E-01  0.849E-03  0.686E-02  0.446E-01
-15.577  0.578E-01  0.892E-03  0.769E-02  0.492E-01
-15.557  0.640E-01  0.938E-03  0.867E-02  0.544E-01
-15.537  0.708E-01  0.989E-03  0.979E-02  0.601E-01
-15.517  0.782E-01  0.104E-02  0.111E-01  0.661E-01
-15.497  0.861E-01  0.110E-02  0.125E-01  0.725E-01
-15.477  0.942E-01  0.116E-02  0.140E-01  0.790E-01
-15.457  0.102E+00  0.122E-02  0.157E-01  0.854E-01
-15.437  0.110E+00  0.127E-02  0.175E-01  0.916E-01
-15.417  0.118E+00  0.132E-02  0.193E-01  0.974E-01
-15.397  0.125E+00  0.137E-02  0.211E-01  0.103E+00
-15.377  0.131E+00  0.141E-02  0.229E-01  0.107E+00
-15.357  0.137E+00  0.144E-02  0.247E-01  0.111E+00
-15.337  0.141E+00  0.146E-02  0.264E-01  0.113E+00
-15.317  0.144E+00  0.146E-02  0.280E-01  0.115E+00
-15.297  0.147E+00  0.146E-02  0.296E-01  0.116E+00
-15.277  0.148E+00  0.145E-02  0.310E-01  0.116E+00
-15.257  0.149E+00  0.143E-02  0.324E-01  0.115E+00
-15.237  0.149E+00  0.141E-02  0.336E-01  0.114E+00
-15.217  0.148E+00  0.138E-02  0.348E-01  0.112E+00
-15.197  0.147E+00  0.135E-02  0.360E-01  0.110E+00
-15.177  0.146E+00  0.132E-02  0.371E-01  0.108E+00
-15.157  0.145E+00  0.129E-02  0.382E-01  0.106E+00
-15.137  0.145E+00  0.127E-02  0.394E-01  0.104E+00
-15.117  0.145E+00  0.125E-02  0.405E-01  0.103E+00
-15.097  0.145E+00  0.124E-02  0.417E-01  0.102E+00
-15.077  0.145E+00  0.123E-02  0.430E-01  0.101E+00
-15.057  0.146E+00  0.123E-02  0.443E-01  0.100E+00
-15.037  0.147E+00  0.123E-02  0.456E-01  0.999E-01
-15.017  0.148E+00  0.124E-02  0.470E-01  0.996E-01
-14.997  0.149E+00  0.124E-02  0.484E-01  0.992E-01
-14.977  0.150E+00  0.125E-02  0.498E-01  0.986E-01
-14.957  0.150E+00  0.125E-02  0.512E-01  0.978E-01
-14.937  0.151E+00  0.125E-02  0.526E-01  0.967E-01
-14.917  0.150E+00  0.124E-02  0.540E-01  0.951E-01
-14.897  0.150E+00  0.123E-02  0.554E-01  0.932E-01
-14.877  0.149E+00  0.122E-02  0.569E-01  0.908E-01
-14.857  0.148E+00  0.119E-02  0.584E-01  0.880E-01
-14.837  0.146E+00  0.117E-02  0.601E-01  0.848E-01
-14.817  0.144E+00  0.114E-02  0.618E-01  0.814E-01
-14.797  0.143E+00  0.111E-02  0.638E-01  0.778E-01
-14.777  0.141E+00  0.107E-02  0.661E-01  0.741E-01
-14.757  0.140E+00  0.104E-02  0.686E-01  0.704E-01
-14.737  0.139E+00  0.101E-02  0.715E-01  0.668E-01
-14.717  0.139E+00  0.980E-03  0.748E-01  0.634E-01
-14.697  0.140E+00  0.953E-03  0.784E-01  0.602E-01
-14.677  0.141E+00  0.932E-03  0.824E-01  0.573E-01
-14.657  0.142E+00  0.915E-03  0.867E-01  0.548E-01
-14.637  0.145E+00  0.902E-03  0.913E-01  0.525E-01
-14.617  0.148E+00  0.894E-03  0.961E-01  0.506E-01
-14.597  0.151E+00  0.891E-03  0.101E+00  0.490E-01
-14.577  0.154E+00  0.890E-03  0.106E+00  0.476E-01
-14.557  0.158E+00  0.892E-03  0.110E+00  0.464E-01
-14.537  0.161E+00  0.895E-03  0.114E+00  0.454E-01
-14.517  0.163E+00  0.897E-03  0.118E+00  0.445E-01
-14.497  0.165E+00  0.898E-03  0.121E+00  0.436E-01
-14.477  0.166E+00  0.896E-03  0.123E+00  0.427E-01
-14.457  0.166E+00  0.891E-03  0.124E+00  0.417E-01
-14.437  0.165E+00  0.881E-03  0.123E+00  0.407E-01
-14.417  0.163E+00  0.866E-03  0.122E+00  0.396E-01
-14.397  0.159E+00  0.846E-03  0.119E+00  0.385E-01
-14.377  0.154E+00  0.821E-03  0.116E+00  0.373E-01
-14.357  0.147E+00  0.792E-03  0.111E+00  0.361E-01
-14.337  0.140E+00  0.759E-03  0.104E+00  0.350E-01
-14.317  0.132E+00  0.723E-03  0.975E-01  0.339E-01
-14.297  0.124E+00  0.687E-03  0.897E-01  0.331E-01
-14.277  0.115E+00  0.651E-03  0.815E-01  0.326E-01
-14.257  0.106E+00  0.617E-03  0.728E-01  0.323E-01
-14.237  0.971E-01  0.586E-03  0.640E-01  0.325E-01
-14.217  0.889E-01  0.559E-03  0.553E-01  0.330E-01
-14.197  0.813E-01  0.537E-03  0.469E-01  0.339E-01
-14.177  0.746E-01  0.521E-03  0.389E-01  0.352E-01
-14.157  0.689E-01  0.511E-03  0.315E-01  0.369E-01
-14.137  0.641E-01  0.507E-03  0.248E-01  0.388E-01
-14.117  0.604E-01  0.508E-03  0.188E-01  0.410E-01
-14.097  0.576E-01  0.513E-03  0.137E-01  0.434E-01
-14.077  0.557E-01  0.521E-03  0.940E-02  0.458E-01
-14.057  0.546E-01  0.532E-03  0.589E-02  0.481E-01
-14.037  0.541E-01  0.545E-03  0.314E-02  0.504E-01
-14.017  0.540E-01  0.557E-03  0.108E-02  0.524E-01
-13.997  0.544E-01  0.568E-03 -0.362E-03  0.542E-01
-13.977  0.549E-01  0.577E-03 -0.127E-02  0.556E-01
-13.957  0.555E-01  0.583E-03 -0.175E-02  0.567E-01
-13.937  0.562E-01  0.586E-03 -0.186E-02  0.574E-01
-13.917  0.567E-01  0.585E-03 -0.170E-02  0.578E-01
-13.897  0.571E-01  0.581E-03 -0.135E-02  0.579E-01
-13.877  0.574E-01  0.574E-03 -0.850E-03  0.577E-01
-13.857  0.576E-01  0.563E-03 -0.270E-03  0.573E-01
-13.837  0.577E-01  0.550E-03  0.352E-03  0.568E-01
-13.817  0.577E-01  0.535E-03  0.983E-03  0.562E-01
-13.797  0.577E-01  0.519E-03  0.160E-02  0.555E-01
-13.777  0.576E-01  0.502E-03  0.219E-02  0.549E-01
-13.757  0.576E-01  0.483E-03  0.273E-02  0.544E-01
-13.737  0.577E-01  0.465E-03  0.323E-02  0.540E-01
-13.717  0.578E-01  0.447E-03  0.368E-02  0.536E-01
-13.697  0.579E-01  0.429E-03  0.407E-02  0.534E-01
-13.677  0.581E-01  0.411E-03  0.441E-02  0.533E-01
-13.657  0.583E-01  0.393E-03  0.470E-02  0.532E-01
-13.637  0.584E-01  0.375E-03  0.493E-02  0.531E-01
-13.617  0.584E-01  0.357E-03  0.511E-02  0.529E-01
-13.597  0.582E-01  0.339E-03  0.524E-02  0.527E-01
-13.577  0.578E-01  0.320E-03  0.531E-02  0.522E-01
-13.557  0.572E-01  0.301E-03  0.533E-02  0.516E-01
-13.537  0.562E-01  0.282E-03  0.531E-02  0.506E-01
-13.517  0.549E-01  0.263E-03  0.526E-02  0.494E-01
-13.497  0.533E-01  0.243E-03  0.519E-02  0.478E-01
-13.477  0.513E-01  0.224E-03  0.511E-02  0.460E-01
-13.457  0.491E-01  0.207E-03  0.505E-02  0.438E-01
-13.437  0.467E-01  0.191E-03  0.504E-02  0.415E-01
-13.417  0.442E-01  0.177E-03  0.510E-02  0.390E-01
-13.397  0.418E-01  0.167E-03  0.528E-02  0.364E-01
-13.377  0.396E-01  0.162E-03  0.560E-02  0.338E-01
-13.357  0.377E-01  0.161E-03  0.610E-02  0.314E-01
-13.337  0.363E-01  0.167E-03  0.682E-02  0.293E-01
-13.317  0.355E-01  0.179E-03  0.779E-02  0.275E-01
-13.297  0.354E-01  0.199E-03  0.901E-02  0.262E-01
-13.277  0.362E-01  0.226E-03  0.105E-01  0.255E-01
-13.257  0.380E-01  0.261E-03  0.123E-01  0.254E-01
-13.237  0.406E-01  0.303E-03  0.143E-01  0.260E-01
-13.217  0.443E-01  0.352E-03  0.166E-01  0.273E-01
-13.197  0.488E-01  0.408E-03  0.191E-01  0.292E-01
-13.177  0.541E-01  0.469E-03  0.218E-01  0.318E-01
-13.157  0.602E-01  0.534E-03  0.246E-01  0.350E-01
-13.137  0.668E-01  0.604E-03  0.274E-01  0.388E-01
-13.117  0.738E-01  0.675E-03  0.302E-01  0.429E-01
-13.097  0.811E-01  0.748E-03  0.329E-01  0.475E-01
-13.077  0.885E-01  0.821E-03  0.355E-01  0.522E-01
-13.057  0.959E-01  0.894E-03  0.378E-01  0.572E-01
-13.037  0.103E+00  0.965E-03  0.399E-01  0.622E-01
-13.017  0.110E+00  0.103E-02  0.416E-01  0.671E-01
-12.997  0.116E+00  0.110E-02  0.430E-01  0.720E-01
-12.977  0.122E+00  0.116E-02  0.440E-01  0.767E-01
-12.957  0.127E+00  0.122E-02  0.447E-01  0.811E-01
-12.937  0.131E+00  0.128E-02  0.449E-01  0.853E-01
-12.917  0.135E+00  0.133E-02  0.448E-01  0.891E-01
-12.897  0.138E+00  0.137E-02  0.444E-01  0.925E-01
-12.877  0.141E+00  0.141E-02  0.436E-01  0.955E-01
-12.857  0.142E+00  0.145E-02  0.426E-01  0.981E-01
-12.837  0.143E+00  0.148E-02  0.414E-01  0.100E+00
-12.817  0.143E+00  0.150E-02  0.401E-01  0.102E+00
-12.797  0.143E+00  0.152E-02  0.387E-01  0.103E+00
-12.777  0.142E+00  0.153E-02  0.373E-01  0.103E+00
-12.757  0.141E+00  0.153E-02  0.359E-01  0.103E+00
-12.737  0.139E+00  0.152E-02  0.348E-01  0.103E+00
-12.717  0.137E+00  0.151E-02  0.339E-01  0.102E+00
-12.697  0.135E+00  0.150E-02  0.333E-01  0.100E+00
-12.677  0.134E+00  0.147E-02  0.333E-01  0.988E-01
-12.657  0.132E+00  0.145E-02  0.338E-01  0.968E-01
-12.637  0.131E+00  0.142E-02  0.349E-01  0.945E-01
-12.617  0.130E+00  0.139E-02  0.369E-01  0.922E-01
-12.597  0.131E+00  0.135E-02  0.396E-01  0.897E-01
-12.577  0.132E+00  0.132E-02  0.432E-01  0.873E-01
-12.557  0.134E+00  0.129E-02  0.478E-01  0.849E-01
-12.537  0.137E+00  0.126E-02  0.533E-01  0.826E-01
-12.517  0.141E+00  0.123E-02  0.597E-01  0.805E-01
-12.497  0.147E+00  0.121E-02  0.670E-01  0.785E-01
-12.477  0.153E+00  0.119E-02  0.751E-01  0.768E-01
-12.457  0.160E+00  0.117E-02  0.839E-01  0.754E-01
-12.437  0.169E+00  0.115E-02  0.932E-01  0.741E-01
-12.417  0.177E+00  0.113E-02  0.103E+00  0.732E-01
-12.397  0.186E+00  0.112E-02  0.113E+00  0.724E-01
-12.377  0.195E+00  0.110E-02  0.122E+00  0.718E-01
-12.357  0.204E+00  0.109E-02  0.132E+00  0.714E-01
-12.337  0.213E+00  0.108E-02  0.141E+00  0.712E-01
-12.317  0.221E+00  0.106E-02  0.149E+00  0.710E-01
-12.297  0.228E+00  0.104E-02  0.156E+00  0.708E-01
-12.277  0.234E+00  0.102E-02  0.162E+00  0.706E-01
-12.257  0.239E+00  0.992E-03  0.167E+00  0.703E-01
-12.237  0.242E+00  0.963E-03  0.171E+00  0.699E-01
-12.217  0.244E+00  0.931E-03  0.174E+00  0.694E-01
-12.197  0.245E+00  0.895E-03  0.175E+00  0.686E-01
-12.177  0.244E+00  0.856E-03  0.176E+00  0.676E-01
-12.157  0.242E+00  0.814E-03  0.175E+00  0.663E-01
-12.137  0.239E+00  0.771E-03  0.174E+00  0.647E-01
-12.117  0.236E+00  0.727E-03  0.172E+00  0.628E-01
-12.097  0.232E+00  0.684E-03  0.171E+00  0.606E-01
-12.077  0.228E+00  0.641E-03  0.169E+00  0.582E-01
-12.057  0.224E+00  0.602E-03  0.168E+00  0.556E-01
-12.037  0.221E+00  0.566E-03  0.168E+00  0.528E-01
-12.017  0.219E+00  0.535E-03  0.168E+00  0.499E-01
-11.997  0.218E+00  0.510E-03  0.170E+00  0.470E-01
-11.977  0.218E+00  0.491E-03  0.173E+00  0.441E-01
-11.957  0.219E+00  0.480E-03  0.177E+00  0.413E-01
-11.937  0.222E+00  0.478E-03  0.183E+00  0.386E-01
-11.917  0.226E+00  0.483E-03  0.190E+00  0.363E-01
-11.897  0.232E+00  0.497E-03  0.197E+00  0.343E-01
-11.877  0.239E+00  0.520E-03  0.205E+00  0.327E-01
-11.857  0.246E+00  0.550E-03  0.214E+00  0.316E-01
-11.837  0.254E+00  0.588E-03  0.223E+00  0.310E-01
-11.817  0.262E+00  0.633E-03  0.231E+00  0.309E-01
-11.797  0.271E+00  0.683E-03  0.239E+00  0.314E-01
-11.777  0.278E+00  0.738E-03  0.245E+00  0.324E-01
-11.757  0.285E+00  0.795E-03  0.251E+00  0.339E-01
-11.737  0.291E+00  0.854E-03  0.255E+00  0.358E-01
-11.717  0.296E+00  0.912E-03  0.257E+00  0.381E-01
-11.697  0.300E+00  0.969E-03  0.258E+00  0.408E-01
-11.677  0.302E+00  0.102E-02  0.257E+00  0.436E-01
-11.657  0.303E+00  0.107E-02  0.255E+00  0.466E-01
-11.637  0.302E+00  0.111E-02  0.252E+00  0.497E-01
-11.617  0.301E+00  0.115E-02  0.247E+00  0.527E-01
-11.597  0.298E+00  0.117E-02  0.241E+00  0.557E-01
-11.577  0.294E+00  0.119E-02  0.235E+00  0.585E-01
-11.557  0.290E+00  0.120E-02  0.228E+00  0.611E-01
-11.537  0.285E+00  0.120E-02  0.220E+00  0.636E-01
-11.517  0.280E+00  0.119E-02  0.213E+00  0.658E-01
-11.497  0.275E+00  0.118E-02  0.206E+00  0.679E-01
-11.477  0.271E+00  0.116E-02  0.200E+00  0.700E-01
-11.457  0.267E+00  0.113E-02  0.194E+00  0.719E-01
-11.437  0.264E+00  0.110E-02  0.189E+00  0.739E-01
-11.417  0.262E+00  0.106E-02  0.184E+00  0.761E-01
-11.397  0.261E+00  0.103E-02  0.181E+00  0.785E-01
-11.377  0.261E+00  0.988E-03  0.179E+00  0.813E-01
-11.357  0.263E+00  0.950E-03  0.178E+00  0.845E-01
-11.337  0.266E+00  0.914E-03  0.177E+00  0.882E-01
-11.317  0.272E+00  0.880E-03  0.178E+00  0.925E-01
-11.297  0.278E+00  0.849E-03  0.180E+00  0.974E-01
-11.277  0.286E+00  0.821E-03  0.182E+00  0.103E+00
-11.257  0.295E+00  0.797E-03  0.185E+00  0.109E+00
-11.237  0.305E+00  0.779E-03  0.189E+00  0.116E+00
-11.217  0.316E+00  0.766E-03  0.193E+00  0.122E+00
-11.197  0.327E+00  0.761E-03  0.197E+00  0.130E+00
-11.177  0.338E+00  0.763E-03  0.200E+00  0.137E+00
-11.157  0.348E+00  0.774E-03  0.203E+00  0.144E+00
-11.137  0.357E+00  0.795E-03  0.206E+00  0.150E+00
-11.117  0.364E+00  0.829E-03  0.207E+00  0.156E+00
-11.097  0.370E+00  0.876E-03  0.208E+00  0.162E+00
-11.077  0.374E+00  0.939E-03  0.207E+00  0.166E+00
-11.057  0.375E+00  0.102E-02  0.204E+00  0.170E+00
-11.037  0.374E+00  0.112E-02  0.200E+00  0.172E+00
-11.017  0.370E+00  0.123E-02  0.195E+00  0.173E+00
-10.997  0.364E+00  0.137E-02  0.189E+00  0.174E+00
-10.977  0.356E+00  0.152E-02  0.181E+00  0.173E+00
-10.957  0.346E+00  0.169E-02  0.173E+00  0.171E+00
-10.937  0.334E+00  0.188E-02  0.164E+00  0.169E+00
-10.917  0.322E+00  0.207E-02  0.154E+00  0.166E+00
-10.897  0.308E+00  0.228E-02  0.144E+00  0.162E+00
-10.877  0.295E+00  0.248E-02  0.134E+00  0.159E+00
-10.857  0.281E+00  0.268E-02  0.124E+00  0.155E+00
-10.837  0.267E+00  0.286E-02  0.114E+00  0.151E+00
-10.817  0.254E+00  0.303E-02  0.104E+00  0.146E+00
-10.797  0.241E+00  0.317E-02  0.949E-01  0.143E+00
-10.777  0.228E+00  0.328E-02  0.862E-01  0.139E+00
-10.757  0.216E+00  0.335E-02  0.780E-01  0.135E+00
-10.737  0.205E+00  0.339E-02  0.704E-01  0.132E+00
-10.717  0.195E+00  0.338E-02  0.633E-01  0.129E+00
-10.697  0.186E+00  0.334E-02  0.568E-01  0.126E+00
-10.677  0.177E+00  0.327E-02  0.508E-01  0.123E+00
-10.657  0.170E+00  0.317E-02  0.456E-01  0.121E+00
-10.637  0.163E+00  0.306E-02  0.410E-01  0.119E+00
-10.617  0.157E+00  0.297E-02  0.372E-01  0.117E+00
-10.597  0.153E+00  0.290E-02  0.343E-01  0.116E+00
-10.577  0.150E+00  0.288E-02  0.322E-01  0.115E+00
-10.557  0.148E+00  0.294E-02  0.311E-01  0.114E+00
-10.537  0.148E+00  0.312E-02  0.311E-01  0.114E+00
-10.517  0.150E+00  0.344E-02  0.321E-01  0.115E+00
-10.497  0.153E+00  0.393E-02  0.342E-01  0.115E+00
-10.477  0.158E+00  0.464E-02  0.374E-01  0.116E+00
-10.457  0.165E+00  0.559E-02  0.415E-01  0.118E+00
-10.437  0.173E+00  0.682E-02  0.466E-01  0.120E+00
-10.417  0.183E+00  0.834E-02  0.525E-01  0.122E+00
-10.397  0.194E+00  0.102E-01  0.591E-01  0.124E+00
-10.377  0.206E+00  0.124E-01  0.662E-01  0.127E+00
-10.357  0.219E+00  0.149E-01  0.737E-01  0.130E+00
-10.337  0.232E+00  0.177E-01  0.815E-01  0.133E+00
-10.317  0.246E+00  0.208E-01  0.893E-01  0.136E+00
-10.297  0.260E+00  0.241E-01  0.971E-01  0.138E+00
-10.277  0.274E+00  0.277E-01  0.105E+00  0.141E+00
-10.257  0.287E+00  0.315E-01  0.112E+00  0.143E+00
-10.237  0.300E+00  0.353E-01  0.119E+00  0.145E+00
-10.217  0.313E+00  0.391E-01  0.126E+00  0.147E+00
-10.197  0.324E+00  0.429E-01  0.133E+00  0.148E+00
-10.177  0.335E+00  0.465E-01  0.139E+00  0.149E+00
-10.157  0.345E+00  0.499E-01  0.146E+00  0.149E+00
-10.137  0.353E+00  0.530E-01  0.152E+00  0.149E+00
-10.117  0.361E+00  0.558E-01  0.157E+00  0.148E+00
-10.097  0.368E+00  0.583E-01  0.163E+00  0.146E+00
-10.077  0.374E+00  0.604E-01  0.169E+00  0.144E+00
-10.057  0.379E+00  0.622E-01  0.175E+00  0.142E+00
-10.037  0.382E+00  0.636E-01  0.180E+00  0.139E+00
-10.017  0.386E+00  0.647E-01  0.186E+00  0.135E+00
 -9.997  0.388E+00  0.656E-01  0.191E+00  0.131E+00
 -9.977  0.390E+00  0.663E-01  0.197E+00  0.127E+00
 -9.957  0.391E+00  0.668E-01  0.202E+00  0.122E+00
 -9.937  0.392E+00  0.673E-01  0.208E+00  0.116E+00
 -9.917  0.392E+00  0.677E-01  0.213E+00  0.111E+00
 -9.897  0.392E+00  0.680E-01  0.219E+00  0.105E+00
 -9.877  0.392E+00  0.684E-01  0.225E+00  0.987E-01
 -9.857  0.391E+00  0.688E-01  0.230E+00  0.923E-01
 -9.837  0.391E+00  0.691E-01  0.236E+00  0.858E-01
 -9.817  0.391E+00  0.694E-01  0.242E+00  0.794E-01
 -9.797  0.391E+00  0.696E-01  0.248E+00  0.731E-01
 -9.777  0.390E+00  0.696E-01  0.254E+00  0.671E-01
 -9.757  0.390E+00  0.695E-01  0.259E+00  0.615E-01
 -9.737  0.390E+00  0.691E-01  0.264E+00  0.565E-01
 -9.717  0.390E+00  0.685E-01  0.269E+00  0.524E-01
 -9.697  0.389E+00  0.675E-01  0.273E+00  0.492E-01
 -9.677  0.389E+00  0.662E-01  0.275E+00  0.472E-01
 -9.657  0.388E+00  0.647E-01  0.277E+00  0.466E-01
 -9.637  0.388E+00  0.628E-01  0.278E+00  0.475E-01
 -9.617  0.388E+00  0.606E-01  0.277E+00  0.500E-01
 -9.597  0.388E+00  0.583E-01  0.275E+00  0.543E-01
 -9.577  0.388E+00  0.558E-01  0.272E+00  0.603E-01
 -9.557  0.390E+00  0.533E-01  0.268E+00  0.681E-01
 -9.537  0.392E+00  0.508E-01  0.264E+00  0.776E-01
 -9.517  0.396E+00  0.483E-01  0.259E+00  0.888E-01
 -9.497  0.402E+00  0.461E-01  0.255E+00  0.101E+00
 -9.477  0.410E+00  0.441E-01  0.250E+00  0.115E+00
 -9.457  0.419E+00  0.425E-01  0.247E+00  0.130E+00
 -9.437  0.431E+00  0.412E-01  0.245E+00  0.145E+00
 -9.417  0.445E+00  0.404E-01  0.244E+00  0.161E+00
 -9.397  0.461E+00  0.399E-01  0.244E+00  0.177E+00
 -9.377  0.479E+00  0.399E-01  0.246E+00  0.193E+00
 -9.357  0.497E+00  0.403E-01  0.249E+00  0.208E+00
 -9.337  0.516E+00  0.409E-01  0.253E+00  0.222E+00
 -9.317  0.536E+00  0.419E-01  0.259E+00  0.235E+00
 -9.297  0.554E+00  0.431E-01  0.264E+00  0.247E+00
 -9.277  0.571E+00  0.444E-01  0.270E+00  0.257E+00
 -9.257  0.587E+00  0.457E-01  0.275E+00  0.266E+00
 -9.237  0.600E+00  0.470E-01  0.279E+00  0.274E+00
 -9.217  0.610E+00  0.482E-01  0.282E+00  0.280E+00
 -9.197  0.618E+00  0.492E-01  0.283E+00  0.286E+00
 -9.177  0.622E+00  0.500E-01  0.282E+00  0.290E+00
 -9.157  0.623E+00  0.505E-01  0.279E+00  0.294E+00
 -9.137  0.622E+00  0.507E-01  0.274E+00  0.297E+00
 -9.117  0.618E+00  0.507E-01  0.267E+00  0.301E+00
 -9.097  0.613E+00  0.504E-01  0.258E+00  0.305E+00
 -9.077  0.606E+00  0.498E-01  0.247E+00  0.309E+00
 -9.057  0.598E+00  0.490E-01  0.235E+00  0.314E+00
 -9.037  0.590E+00  0.480E-01  0.222E+00  0.320E+00
 -9.017  0.582E+00  0.469E-01  0.209E+00  0.326E+00
 -8.997  0.575E+00  0.457E-01  0.196E+00  0.333E+00
 -8.977  0.568E+00  0.444E-01  0.183E+00  0.341E+00
 -8.957  0.563E+00  0.431E-01  0.171E+00  0.349E+00
 -8.937  0.559E+00  0.417E-01  0.161E+00  0.357E+00
 -8.917  0.556E+00  0.404E-01  0.152E+00  0.364E+00
 -8.897  0.554E+00  0.392E-01  0.144E+00  0.370E+00
 -8.877  0.552E+00  0.381E-01  0.138E+00  0.375E+00
 -8.857  0.550E+00  0.372E-01  0.133E+00  0.379E+00
 -8.837  0.547E+00  0.365E-01  0.130E+00  0.381E+00
 -8.817  0.545E+00  0.360E-01  0.128E+00  0.380E+00
 -8.797  0.541E+00  0.359E-01  0.127E+00  0.378E+00
 -8.777  0.536E+00  0.363E-01  0.126E+00  0.373E+00
 -8.757  0.530E+00  0.371E-01  0.126E+00  0.367E+00
 -8.737  0.523E+00  0.387E-01  0.126E+00  0.358E+00
 -8.717  0.515E+00  0.410E-01  0.125E+00  0.348E+00
 -8.697  0.506E+00  0.441E-01  0.124E+00  0.337E+00
 -8.677  0.497E+00  0.482E-01  0.123E+00  0.325E+00
 -8.657  0.488E+00  0.534E-01  0.122E+00  0.312E+00
 -8.637  0.479E+00  0.596E-01  0.120E+00  0.299E+00
 -8.617  0.471E+00  0.669E-01  0.118E+00  0.286E+00
 -8.597  0.465E+00  0.753E-01  0.116E+00  0.273E+00
 -8.577  0.460E+00  0.847E-01  0.114E+00  0.261E+00
 -8.557  0.456E+00  0.950E-01  0.113E+00  0.249E+00
 -8.537  0.454E+00  0.106E+00  0.111E+00  0.237E+00
 -8.517  0.454E+00  0.117E+00  0.110E+00  0.227E+00
 -8.497  0.456E+00  0.129E+00  0.110E+00  0.216E+00
 -8.477  0.458E+00  0.141E+00  0.111E+00  0.206E+00
 -8.457  0.462E+00  0.153E+00  0.113E+00  0.196E+00
 -8.437  0.466E+00  0.165E+00  0.115E+00  0.187E+00
 -8.417  0.471E+00  0.176E+00  0.118E+00  0.177E+00
 -8.397  0.475E+00  0.186E+00  0.122E+00  0.167E+00
 -8.377  0.480E+00  0.196E+00  0.127E+00  0.157E+00
 -8.357  0.484E+00  0.205E+00  0.132E+00  0.147E+00
 -8.337  0.487E+00  0.213E+00  0.137E+00  0.138E+00
 -8.317  0.489E+00  0.220E+00  0.142E+00  0.128E+00
 -8.297  0.491E+00  0.226E+00  0.147E+00  0.118E+00
 -8.277  0.491E+00  0.232E+00  0.151E+00  0.108E+00
 -8.257  0.491E+00  0.237E+00  0.155E+00  0.990E-01
 -8.237  0.489E+00  0.241E+00  0.158E+00  0.903E-01
 -8.217  0.487E+00  0.245E+00  0.160E+00  0.821E-01
 -8.197  0.483E+00  0.248E+00  0.160E+00  0.746E-01
 -8.177  0.478E+00  0.250E+00  0.160E+00  0.679E-01
 -8.157  0.472E+00  0.252E+00  0.159E+00  0.619E-01
 -8.137  0.466E+00  0.252E+00  0.156E+00  0.567E-01
 -8.117  0.458E+00  0.252E+00  0.153E+00  0.524E-01
 -8.097  0.449E+00  0.251E+00  0.149E+00  0.488E-01
 -8.077  0.438E+00  0.249E+00  0.143E+00  0.459E-01
 -8.057  0.427E+00  0.246E+00  0.137E+00  0.437E-01
 -8.037  0.415E+00  0.242E+00  0.131E+00  0.421E-01
 -8.017  0.403E+00  0.237E+00  0.124E+00  0.410E-01
 -7.997  0.389E+00  0.231E+00  0.118E+00  0.404E-01
 -7.977  0.376E+00  0.225E+00  0.111E+00  0.401E-01
 -7.957  0.362E+00  0.217E+00  0.104E+00  0.401E-01
 -7.937  0.348E+00  0.210E+00  0.980E-01  0.402E-01
 -7.917  0.335E+00  0.202E+00  0.921E-01  0.405E-01
 -7.897  0.322E+00  0.195E+00  0.867E-01  0.408E-01
 -7.877  0.310E+00  0.187E+00  0.818E-01  0.411E-01
 -7.857  0.299E+00  0.180E+00  0.776E-01  0.413E-01
 -7.837  0.290E+00  0.174E+00  0.740E-01  0.414E-01
 -7.817  0.282E+00  0.169E+00  0.710E-01  0.414E-01
 -7.797  0.275E+00  0.165E+00  0.686E-01  0.412E-01
 -7.777  0.270E+00  0.162E+00  0.669E-01  0.408E-01
 -7.757  0.266E+00  0.160E+00  0.657E-01  0.403E-01
 -7.737  0.264E+00  0.160E+00  0.650E-01  0.396E-01
 -7.717  0.264E+00  0.160E+00  0.648E-01  0.388E-01
 -7.697  0.265E+00  0.162E+00  0.650E-01  0.379E-01
 -7.677  0.267E+00  0.165E+00  0.656E-01  0.370E-01
 -7.657  0.270E+00  0.168E+00  0.663E-01  0.361E-01
 -7.637  0.275E+00  0.172E+00  0.673E-01  0.352E-01
 -7.617  0.280E+00  0.177E+00  0.684E-01  0.344E-01
 -7.597  0.286E+00  0.183E+00  0.696E-01  0.338E-01
 -7.577  0.292E+00  0.188E+00  0.708E-01  0.332E-01
 -7.557  0.299E+00  0.194E+00  0.720E-01  0.328E-01
 -7.537  0.306E+00  0.200E+00  0.730E-01  0.326E-01
 -7.517  0.313E+00  0.206E+00  0.740E-01  0.324E-01
 -7.497  0.319E+00  0.212E+00  0.749E-01  0.324E-01
 -7.477  0.326E+00  0.218E+00  0.757E-01  0.325E-01
 -7.457  0.332E+00  0.223E+00  0.764E-01  0.326E-01
 -7.437  0.338E+00  0.228E+00  0.769E-01  0.327E-01
 -7.417  0.343E+00  0.232E+00  0.773E-01  0.329E-01
 -7.397  0.347E+00  0.236E+00  0.777E-01  0.330E-01
 -7.377  0.350E+00  0.239E+00  0.779E-01  0.332E-01
 -7.357  0.352E+00  0.241E+00  0.781E-01  0.333E-01
 -7.337  0.353E+00  0.241E+00  0.782E-01  0.335E-01
 -7.317  0.353E+00  0.241E+00  0.782E-01  0.338E-01
 -7.297  0.351E+00  0.239E+00  0.782E-01  0.343E-01
 -7.277  0.349E+00  0.236E+00  0.780E-01  0.349E-01
 -7.257  0.344E+00  0.231E+00  0.779E-01  0.359E-01
 -7.237  0.339E+00  0.224E+00  0.777E-01  0.372E-01
 -7.217  0.333E+00  0.217E+00  0.774E-01  0.390E-01
 -7.197  0.326E+00  0.207E+00  0.772E-01  0.412E-01
 -7.177  0.318E+00  0.197E+00  0.769E-01  0.439E-01
 -7.157  0.310E+00  0.186E+00  0.767E-01  0.470E-01
 -7.137  0.301E+00  0.174E+00  0.765E-01  0.506E-01
 -7.117  0.292E+00  0.161E+00  0.765E-01  0.545E-01
 -7.097  0.284E+00  0.149E+00  0.765E-01  0.586E-01
 -7.077  0.276E+00  0.136E+00  0.767E-01  0.627E-01
 -7.057  0.268E+00  0.124E+00  0.770E-01  0.667E-01
 -7.037  0.261E+00  0.113E+00  0.776E-01  0.703E-01
 -7.017  0.254E+00  0.102E+00  0.784E-01  0.734E-01
 -6.997  0.248E+00  0.927E-01  0.795E-01  0.758E-01
 -6.977  0.242E+00  0.843E-01  0.808E-01  0.773E-01
 -6.957  0.237E+00  0.772E-01  0.824E-01  0.778E-01
 -6.937  0.233E+00  0.715E-01  0.844E-01  0.772E-01
 -6.917  0.229E+00  0.670E-01  0.866E-01  0.755E-01
 -6.897  0.226E+00  0.637E-01  0.891E-01  0.728E-01
 -6.877  0.222E+00  0.615E-01  0.918E-01  0.690E-01
 -6.857  0.219E+00  0.603E-01  0.947E-01  0.644E-01
 -6.837  0.217E+00  0.600E-01  0.977E-01  0.591E-01
 -6.817  0.214E+00  0.603E-01  0.101E+00  0.532E-01
 -6.797  0.212E+00  0.610E-01  0.104E+00  0.471E-01
 -6.777  0.209E+00  0.621E-01  0.106E+00  0.408E-01
 -6.757  0.206E+00  0.632E-01  0.109E+00  0.346E-01
 -6.737  0.204E+00  0.644E-01  0.111E+00  0.286E-01
 -6.717  0.200E+00  0.653E-01  0.112E+00  0.231E-01
 -6.697  0.196E+00  0.660E-01  0.112E+00  0.180E-01
 -6.677  0.192E+00  0.663E-01  0.112E+00  0.136E-01
 -6.657  0.187E+00  0.661E-01  0.111E+00  0.979E-02
 -6.637  0.181E+00  0.654E-01  0.109E+00  0.665E-02
 -6.617  0.175E+00  0.642E-01  0.106E+00  0.414E-02
 -6.597  0.167E+00  0.625E-01  0.103E+00  0.222E-02
 -6.577  0.159E+00  0.605E-01  0.982E-01  0.830E-03
 -6.557  0.151E+00  0.581E-01  0.929E-01 -0.108E-03
 -6.537  0.142E+00  0.555E-01  0.871E-01 -0.668E-03
 -6.517  0.133E+00  0.528E-01  0.807E-01 -0.931E-03
 -6.497  0.123E+00  0.501E-01  0.741E-01 -0.970E-03
 -6.477  0.114E+00  0.476E-01  0.672E-01 -0.854E-03
 -6.457  0.105E+00  0.455E-01  0.604E-01 -0.640E-03
 -6.437  0.971E-01  0.439E-01  0.536E-01 -0.377E-03
 -6.417  0.900E-01  0.430E-01  0.471E-01 -0.103E-03
 -6.397  0.840E-01  0.430E-01  0.409E-01  0.155E-03
 -6.377  0.794E-01  0.439E-01  0.351E-01  0.378E-03
 -6.357  0.764E-01  0.460E-01  0.299E-01  0.555E-03
 -6.337  0.751E-01  0.492E-01  0.252E-01  0.682E-03
 -6.317  0.756E-01  0.538E-01  0.210E-01  0.761E-03
 -6.297  0.779E-01  0.597E-01  0.174E-01  0.796E-03
 -6.277  0.820E-01  0.670E-01  0.142E-01  0.795E-03
 -6.257  0.880E-01  0.756E-01  0.116E-01  0.769E-03
 -6.237  0.958E-01  0.857E-01  0.944E-02  0.727E-03
 -6.217  0.105E+00  0.971E-01  0.766E-02  0.681E-03
 -6.197  0.117E+00  0.110E+00  0.621E-02  0.643E-03
 -6.177  0.130E+00  0.124E+00  0.505E-02  0.623E-03
 -6.157  0.144E+00  0.140E+00  0.413E-02  0.632E-03
 -6.137  0.161E+00  0.157E+00  0.342E-02  0.680E-03
 -6.117  0.179E+00  0.176E+00  0.287E-02  0.774E-03
 -6.097  0.200E+00  0.196E+00  0.245E-02  0.922E-03
 -6.077  0.222E+00  0.219E+00  0.214E-02  0.113E-02
 -6.057  0.247E+00  0.243E+00  0.192E-02  0.140E-02
 -6.037  0.274E+00  0.270E+00  0.178E-02  0.174E-02
 -6.017  0.303E+00  0.300E+00  0.170E-02  0.214E-02
 -5.997  0.336E+00  0.331E+00  0.167E-02  0.261E-02
 -5.977  0.370E+00  0.365E+00  0.170E-02  0.313E-02
 -5.957  0.407E+00  0.402E+00  0.177E-02  0.370E-02
 -5.937  0.446E+00  0.440E+00  0.187E-02  0.431E-02
 -5.917  0.486E+00  0.479E+00  0.201E-02  0.495E-02
 -5.897  0.528E+00  0.520E+00  0.218E-02  0.559E-02
 -5.877  0.569E+00  0.560E+00  0.236E-02  0.623E-02
 -5.857  0.609E+00  0.600E+00  0.255E-02  0.685E-02
 -5.837  0.648E+00  0.638E+00  0.275E-02  0.742E-02
 -5.817  0.684E+00  0.673E+00  0.294E-02  0.793E-02
 -5.797  0.716E+00  0.704E+00  0.312E-02  0.836E-02
 -5.777  0.743E+00  0.731E+00  0.328E-02  0.871E-02
 -5.757  0.764E+00  0.752E+00  0.341E-02  0.895E-02
 -5.737  0.780E+00  0.767E+00  0.351E-02  0.909E-02
 -5.717  0.788E+00  0.775E+00  0.358E-02  0.911E-02
 -5.697  0.789E+00  0.777E+00  0.360E-02  0.903E-02
 -5.677  0.783E+00  0.771E+00  0.357E-02  0.884E-02
 -5.657  0.770E+00  0.758E+00  0.351E-02  0.855E-02
 -5.637  0.751E+00  0.739E+00  0.341E-02  0.818E-02
 -5.617  0.725E+00  0.714E+00  0.327E-02  0.774E-02
 -5.597  0.693E+00  0.683E+00  0.309E-02  0.724E-02
 -5.577  0.657E+00  0.648E+00  0.289E-02  0.670E-02
 -5.557  0.617E+00  0.609E+00  0.266E-02  0.614E-02
 -5.537  0.575E+00  0.567E+00  0.242E-02  0.558E-02
 -5.517  0.530E+00  0.523E+00  0.217E-02  0.501E-02
 -5.497  0.485E+00  0.479E+00  0.191E-02  0.447E-02
 -5.477  0.439E+00  0.434E+00  0.166E-02  0.396E-02
 -5.457  0.395E+00  0.390E+00  0.141E-02  0.348E-02
 -5.437  0.352E+00  0.348E+00  0.118E-02  0.304E-02
 -5.417  0.311E+00  0.307E+00  0.959E-03  0.266E-02
 -5.397  0.273E+00  0.270E+00  0.759E-03  0.231E-02
 -5.377  0.238E+00  0.235E+00  0.579E-03  0.201E-02
 -5.357  0.206E+00  0.204E+00  0.421E-03  0.176E-02
 -5.337  0.178E+00  0.176E+00  0.286E-03  0.155E-02
 -5.317  0.153E+00  0.151E+00  0.173E-03  0.137E-02
 -5.297  0.131E+00  0.130E+00  0.810E-04  0.123E-02
 -5.277  0.113E+00  0.112E+00  0.919E-05  0.111E-02
 -5.257  0.975E-01  0.966E-01 -0.444E-04  0.102E-02
 -5.237  0.847E-01  0.839E-01 -0.819E-04  0.939E-03
 -5.217  0.743E-01  0.735E-01 -0.105E-03  0.877E-03
 -5.197  0.658E-01  0.651E-01 -0.117E-03  0.827E-03
 -5.177  0.591E-01  0.584E-01 -0.119E-03  0.785E-03
 -5.157  0.538E-01  0.532E-01 -0.113E-03  0.751E-03
 -5.137  0.498E-01  0.492E-01 -0.102E-03  0.724E-03
 -5.117  0.469E-01  0.463E-01 -0.864E-04  0.702E-03
 -5.097  0.448E-01  0.442E-01 -0.682E-04  0.687E-03
 -5.077  0.435E-01  0.429E-01 -0.486E-04  0.677E-03
 -5.057  0.429E-01  0.423E-01 -0.284E-04  0.674E-03
 -5.037  0.429E-01  0.423E-01 -0.842E-05  0.677E-03
 -5.017  0.435E-01  0.428E-01  0.107E-04  0.687E-03
 -4.997  0.445E-01  0.437E-01  0.286E-04  0.703E-03
 -4.977  0.458E-01  0.451E-01  0.450E-04  0.725E-03
 -4.957  0.475E-01  0.467E-01  0.596E-04  0.752E-03
 -4.937  0.494E-01  0.485E-01  0.724E-04  0.782E-03
 -4.917  0.513E-01  0.504E-01  0.833E-04  0.815E-03
 -4.897  0.533E-01  0.524E-01  0.922E-04  0.848E-03
 -4.877  0.552E-01  0.542E-01  0.994E-04  0.879E-03
 -4.857  0.569E-01  0.559E-01  0.105E-03  0.908E-03
 -4.837  0.583E-01  0.573E-01  0.109E-03  0.933E-03
 -4.817  0.593E-01  0.583E-01  0.111E-03  0.952E-03
 -4.797  0.600E-01  0.589E-01  0.112E-03  0.964E-03
 -4.777  0.602E-01  0.591E-01  0.113E-03  0.969E-03
 -4.757  0.600E-01  0.589E-01  0.112E-03  0.967E-03
 -4.737  0.594E-01  0.583E-01  0.112E-03  0.958E-03
 -4.717  0.584E-01  0.573E-01  0.111E-03  0.942E-03
 -4.697  0.570E-01  0.560E-01  0.110E-03  0.920E-03
 -4.677  0.554E-01  0.544E-01  0.110E-03  0.894E-03
 -4.657  0.536E-01  0.527E-01  0.110E-03  0.864E-03
 -4.637  0.518E-01  0.508E-01  0.112E-03  0.833E-03
 -4.617  0.499E-01  0.490E-01  0.114E-03  0.800E-03
 -4.597  0.480E-01  0.472E-01  0.118E-03  0.768E-03
 -4.577  0.463E-01  0.455E-01  0.123E-03  0.738E-03
 -4.557  0.448E-01  0.440E-01  0.129E-03  0.711E-03
 -4.537  0.435E-01  0.427E-01  0.136E-03  0.687E-03
 -4.517  0.424E-01  0.416E-01  0.144E-03  0.667E-03
 -4.497  0.416E-01  0.408E-01  0.153E-03  0.651E-03
 -4.477  0.411E-01  0.403E-01  0.162E-03  0.640E-03
 -4.457  0.408E-01  0.400E-01  0.173E-03  0.633E-03
 -4.437  0.407E-01  0.399E-01  0.183E-03  0.630E-03
 -4.417  0.408E-01  0.400E-01  0.194E-03  0.630E-03
 -4.397  0.410E-01  0.402E-01  0.205E-03  0.633E-03
 -4.377  0.414E-01  0.406E-01  0.216E-03  0.639E-03
 -4.357  0.419E-01  0.410E-01  0.228E-03  0.646E-03
 -4.337  0.425E-01  0.416E-01  0.239E-03  0.654E-03
 -4.317  0.430E-01  0.421E-01  0.250E-03  0.663E-03
 -4.297  0.436E-01  0.427E-01  0.261E-03  0.672E-03
 -4.277  0.442E-01  0.432E-01  0.272E-03  0.681E-03
 -4.257  0.447E-01  0.437E-01  0.284E-03  0.689E-03
 -4.237  0.452E-01  0.442E-01  0.295E-03  0.696E-03
 -4.217  0.457E-01  0.447E-01  0.308E-03  0.703E-03
 -4.197  0.462E-01  0.452E-01  0.322E-03  0.708E-03
 -4.177  0.467E-01  0.456E-01  0.337E-03  0.713E-03
 -4.157  0.471E-01  0.461E-01  0.353E-03  0.717E-03
 -4.137  0.477E-01  0.466E-01  0.371E-03  0.720E-03
 -4.117  0.482E-01  0.471E-01  0.392E-03  0.722E-03
 -4.097  0.488E-01  0.477E-01  0.416E-03  0.724E-03
 -4.077  0.495E-01  0.484E-01  0.443E-03  0.725E-03
 -4.057  0.503E-01  0.491E-01  0.475E-03  0.726E-03
 -4.037  0.513E-01  0.500E-01  0.510E-03  0.726E-03
 -4.017  0.523E-01  0.510E-01  0.551E-03  0.726E-03
 -3.997  0.535E-01  0.522E-01  0.597E-03  0.726E-03
 -3.977  0.549E-01  0.535E-01  0.648E-03  0.725E-03
 -3.957  0.564E-01  0.549E-01  0.705E-03  0.723E-03
 -3.937  0.580E-01  0.565E-01  0.767E-03  0.720E-03
 -3.917  0.597E-01  0.581E-01  0.833E-03  0.716E-03
 -3.897  0.614E-01  0.598E-01  0.902E-03  0.711E-03
 -3.877  0.631E-01  0.614E-01  0.974E-03  0.703E-03
 -3.857  0.647E-01  0.630E-01  0.105E-02  0.693E-03
 -3.837  0.662E-01  0.644E-01  0.112E-02  0.681E-03
 -3.817  0.674E-01  0.656E-01  0.119E-02  0.665E-03
 -3.797  0.683E-01  0.664E-01  0.125E-02  0.646E-03
 -3.777  0.688E-01  0.669E-01  0.130E-02  0.622E-03
 -3.757  0.688E-01  0.668E-01  0.134E-02  0.595E-03
 -3.737  0.681E-01  0.662E-01  0.137E-02  0.563E-03
 -3.717  0.669E-01  0.649E-01  0.139E-02  0.527E-03
 -3.697  0.649E-01  0.630E-01  0.139E-02  0.487E-03
 -3.677  0.622E-01  0.604E-01  0.137E-02  0.442E-03
 -3.657  0.589E-01  0.571E-01  0.133E-02  0.395E-03
 -3.637  0.549E-01  0.533E-01  0.128E-02  0.344E-03
 -3.617  0.504E-01  0.488E-01  0.121E-02  0.293E-03
 -3.597  0.454E-01  0.440E-01  0.113E-02  0.240E-03
 -3.577  0.401E-01  0.388E-01  0.103E-02  0.189E-03
 -3.557  0.346E-01  0.335E-01  0.925E-03  0.141E-03
 -3.537  0.292E-01  0.283E-01  0.813E-03  0.976E-04
 -3.517  0.240E-01  0.232E-01  0.698E-03  0.612E-04
 -3.497  0.192E-01  0.186E-01  0.582E-03  0.341E-04
 -3.477  0.151E-01  0.146E-01  0.470E-03  0.186E-04
 -3.457  0.117E-01  0.114E-01  0.363E-03  0.169E-04
 -3.437  0.941E-02  0.912E-02  0.264E-03  0.312E-04
 -3.417  0.822E-02  0.798E-02  0.176E-03  0.632E-04
 -3.397  0.829E-02  0.807E-02  0.100E-03  0.114E-03
 -3.377  0.970E-02  0.948E-02  0.375E-04  0.186E-03
 -3.357  0.125E-01  0.122E-01 -0.110E-04  0.278E-03
 -3.337  0.167E-01  0.164E-01 -0.445E-04  0.391E-03
 -3.317  0.223E-01  0.218E-01 -0.628E-04  0.522E-03
 -3.297  0.291E-01  0.285E-01 -0.658E-04  0.671E-03
 -3.277  0.371E-01  0.363E-01 -0.533E-04  0.835E-03
 -3.257  0.461E-01  0.451E-01 -0.254E-04  0.101E-02
 -3.237  0.559E-01  0.547E-01  0.181E-04  0.119E-02
 -3.217  0.663E-01  0.649E-01  0.773E-04  0.138E-02
 -3.197  0.772E-01  0.755E-01  0.152E-03  0.156E-02
 -3.177  0.883E-01  0.863E-01  0.244E-03  0.174E-02
 -3.157  0.995E-01  0.972E-01  0.352E-03  0.191E-02
 -3.137  0.111E+00  0.108E+00  0.478E-03  0.207E-02
 -3.117  0.121E+00  0.118E+00  0.622E-03  0.220E-02
 -3.097  0.132E+00  0.129E+00  0.785E-03  0.232E-02
 -3.077  0.142E+00  0.138E+00  0.966E-03  0.242E-02
 -3.057  0.151E+00  0.148E+00  0.117E-02  0.249E-02
 -3.037  0.160E+00  0.156E+00  0.138E-02  0.254E-02
 -3.017  0.169E+00  0.164E+00  0.162E-02  0.257E-02
 -2.997  0.177E+00  0.172E+00  0.187E-02  0.257E-02
 -2.977  0.184E+00  0.179E+00  0.213E-02  0.256E-02
 -2.957  0.191E+00  0.186E+00  0.239E-02  0.253E-02
 -2.937  0.197E+00  0.192E+00  0.267E-02  0.249E-02
 -2.917  0.202E+00  0.197E+00  0.293E-02  0.243E-02
 -2.897  0.207E+00  0.202E+00  0.319E-02  0.236E-02
 -2.877  0.211E+00  0.205E+00  0.343E-02  0.228E-02
 -2.857  0.213E+00  0.207E+00  0.365E-02  0.219E-02
 -2.837  0.214E+00  0.209E+00  0.383E-02  0.210E-02
 -2.817  0.214E+00  0.208E+00  0.398E-02  0.200E-02
 -2.797  0.212E+00  0.206E+00  0.408E-02  0.189E-02
 -2.777  0.208E+00  0.202E+00  0.412E-02  0.177E-02
 -2.757  0.203E+00  0.197E+00  0.412E-02  0.165E-02
 -2.737  0.195E+00  0.189E+00  0.406E-02  0.153E-02
 -2.717  0.186E+00  0.180E+00  0.395E-02  0.140E-02
 -2.697  0.174E+00  0.169E+00  0.378E-02  0.127E-02
 -2.677  0.162E+00  0.157E+00  0.356E-02  0.114E-02
 -2.657  0.148E+00  0.143E+00  0.331E-02  0.100E-02
 -2.637  0.133E+00  0.129E+00  0.301E-02  0.871E-03
 -2.617  0.117E+00  0.113E+00  0.270E-02  0.741E-03
 -2.597  0.101E+00  0.980E-01  0.236E-02  0.614E-03
 -2.577  0.850E-01  0.825E-01  0.202E-02  0.493E-03
 -2.557  0.695E-01  0.674E-01  0.168E-02  0.378E-03
 -2.537  0.546E-01  0.530E-01  0.134E-02  0.271E-03
 -2.517  0.407E-01  0.395E-01  0.103E-02  0.173E-03
 -2.497  0.279E-01  0.271E-01  0.737E-03  0.836E-04
 -2.477  0.164E-01  0.160E-01  0.472E-03  0.445E-05
 -2.457  0.642E-02  0.624E-02  0.238E-03 -0.644E-04
 -2.437 -0.207E-02 -0.198E-02  0.390E-04 -0.122E-03
 -2.417 -0.896E-02 -0.866E-02 -0.123E-03 -0.169E-03
 -2.397 -0.142E-01 -0.137E-01 -0.248E-03 -0.204E-03
 -2.377 -0.177E-01 -0.172E-01 -0.333E-03 -0.225E-03
 -2.357 -0.195E-01 -0.189E-01 -0.377E-03 -0.232E-03
 -2.337 -0.195E-01 -0.189E-01 -0.378E-03 -0.222E-03
 -2.317 -0.176E-01 -0.171E-01 -0.337E-03 -0.194E-03
 -2.297 -0.137E-01 -0.133E-01 -0.249E-03 -0.146E-03
 -2.277 -0.763E-02 -0.744E-02 -0.116E-03 -0.743E-04
 -2.257  0.564E-03  0.476E-03  0.659E-04  0.222E-04
 -2.237  0.110E-01  0.105E-01  0.295E-03  0.145E-03
 -2.217  0.236E-01  0.228E-01  0.571E-03  0.296E-03
 -2.197  0.384E-01  0.371E-01  0.892E-03  0.475E-03
 -2.177  0.552E-01  0.533E-01  0.125E-02  0.679E-03
 -2.157  0.738E-01  0.712E-01  0.165E-02  0.907E-03
 -2.137  0.936E-01  0.904E-01  0.206E-02  0.115E-02
 -2.117  0.114E+00  0.110E+00  0.249E-02  0.142E-02
 -2.097  0.135E+00  0.131E+00  0.293E-02  0.168E-02
 -2.077  0.156E+00  0.151E+00  0.335E-02  0.195E-02
 -2.057  0.176E+00  0.170E+00  0.374E-02  0.221E-02
 -2.037  0.193E+00  0.187E+00  0.409E-02  0.244E-02
 -2.017  0.209E+00  0.201E+00  0.438E-02  0.265E-02
 -1.997  0.221E+00  0.213E+00  0.460E-02  0.281E-02
 -1.977  0.229E+00  0.222E+00  0.475E-02  0.294E-02
 -1.957  0.234E+00  0.226E+00  0.482E-02  0.301E-02
 -1.937  0.234E+00  0.226E+00  0.480E-02  0.303E-02
 -1.917  0.231E+00  0.223E+00  0.469E-02  0.300E-02
 -1.897  0.223E+00  0.215E+00  0.451E-02  0.291E-02
 -1.877  0.212E+00  0.204E+00  0.426E-02  0.278E-02
 -1.857  0.197E+00  0.190E+00  0.394E-02  0.260E-02
 -1.837  0.180E+00  0.174E+00  0.359E-02  0.239E-02
 -1.817  0.161E+00  0.156E+00  0.320E-02  0.215E-02
 -1.797  0.141E+00  0.136E+00  0.280E-02  0.190E-02
 -1.777  0.121E+00  0.117E+00  0.239E-02  0.164E-02
 -1.757  0.101E+00  0.972E-01  0.200E-02  0.137E-02
 -1.737  0.814E-01  0.786E-01  0.164E-02  0.112E-02
 -1.717  0.636E-01  0.614E-01  0.130E-02  0.889E-03
 -1.697  0.476E-01  0.459E-01  0.101E-02  0.676E-03
 -1.677  0.336E-01  0.324E-01  0.766E-03  0.490E-03
 -1.657  0.218E-01  0.209E-01  0.567E-03  0.332E-03
 -1.637  0.122E-01  0.116E-01  0.413E-03  0.202E-03
 -1.617  0.467E-02  0.427E-02  0.303E-03  0.100E-03
 -1.597 -0.901E-03 -0.116E-02  0.232E-03  0.246E-04
 -1.577 -0.475E-02 -0.492E-02  0.194E-03 -0.278E-04
 -1.557 -0.714E-02 -0.727E-02  0.185E-03 -0.602E-04
 -1.537 -0.837E-02 -0.849E-02  0.197E-03 -0.763E-04
 -1.517 -0.870E-02 -0.885E-02  0.224E-03 -0.798E-04
 -1.497 -0.843E-02 -0.862E-02  0.262E-03 -0.745E-04
 -1.477 -0.782E-02 -0.806E-02  0.303E-03 -0.636E-04
 -1.457 -0.707E-02 -0.737E-02  0.345E-03 -0.502E-04
 -1.437 -0.639E-02 -0.674E-02  0.383E-03 -0.368E-04
 -1.417 -0.592E-02 -0.631E-02  0.415E-03 -0.254E-04
 -1.397 -0.577E-02 -0.619E-02  0.439E-03 -0.177E-04
 -1.377 -0.599E-02 -0.643E-02  0.454E-03 -0.145E-04
 -1.357 -0.660E-02 -0.704E-02  0.460E-03 -0.163E-04
 -1.337 -0.754E-02 -0.798E-02  0.458E-03 -0.227E-04
 -1.317 -0.873E-02 -0.914E-02  0.447E-03 -0.331E-04
 -1.297 -0.100E-01 -0.104E-01  0.431E-03 -0.461E-04
 -1.277 -0.112E-01 -0.115E-01  0.410E-03 -0.596E-04
 -1.257 -0.119E-01 -0.122E-01  0.386E-03 -0.710E-04
 -1.237 -0.119E-01 -0.122E-01  0.361E-03 -0.771E-04
 -1.217 -0.107E-01 -0.110E-01  0.337E-03 -0.741E-04
 -1.197 -0.801E-02 -0.827E-02  0.316E-03 -0.577E-04
 -1.177 -0.325E-02 -0.352E-02  0.298E-03 -0.232E-04
 -1.157  0.403E-02  0.372E-02  0.285E-03  0.340E-04
 -1.137  0.143E-01  0.139E-01  0.277E-03  0.119E-03
 -1.117  0.280E-01  0.274E-01  0.274E-03  0.235E-03
 -1.097  0.453E-01  0.447E-01  0.277E-03  0.388E-03
 -1.077  0.667E-01  0.658E-01  0.285E-03  0.578E-03
 -1.057  0.920E-01  0.909E-01  0.297E-03  0.808E-03
 -1.037  0.121E+00  0.120E+00  0.313E-03  0.108E-02
 -1.017  0.154E+00  0.152E+00  0.330E-03  0.138E-02
 -0.997  0.190E+00  0.188E+00  0.349E-03  0.172E-02
 -0.977  0.228E+00  0.225E+00  0.367E-03  0.208E-02
 -0.957  0.267E+00  0.264E+00  0.385E-03  0.247E-02
 -0.937  0.306E+00  0.303E+00  0.400E-03  0.285E-02
 -0.917  0.345E+00  0.341E+00  0.413E-03  0.323E-02
 -0.897  0.381E+00  0.377E+00  0.422E-03  0.360E-02
 -0.877  0.413E+00  0.409E+00  0.428E-03  0.393E-02
 -0.857  0.440E+00  0.436E+00  0.430E-03  0.421E-02
 -0.837  0.461E+00  0.457E+00  0.430E-03  0.444E-02
 -0.817  0.476E+00  0.471E+00  0.427E-03  0.461E-02
 -0.797  0.483E+00  0.477E+00  0.423E-03  0.470E-02
 -0.777  0.482E+00  0.476E+00  0.419E-03  0.471E-02
 -0.757  0.473E+00  0.468E+00  0.416E-03  0.464E-02
 -0.737  0.457E+00  0.452E+00  0.415E-03  0.449E-02
 -0.717  0.434E+00  0.429E+00  0.418E-03  0.427E-02
 -0.697  0.405E+00  0.401E+00  0.425E-03  0.399E-02
 -0.677  0.372E+00  0.368E+00  0.438E-03  0.366E-02
 -0.657  0.336E+00  0.333E+00  0.456E-03  0.328E-02
 -0.637  0.299E+00  0.296E+00  0.482E-03  0.289E-02
 -0.617  0.262E+00  0.259E+00  0.513E-03  0.249E-02
 -0.597  0.226E+00  0.224E+00  0.552E-03  0.210E-02
 -0.577  0.194E+00  0.192E+00  0.595E-03  0.175E-02
 -0.557  0.167E+00  0.165E+00  0.643E-03  0.143E-02
 -0.537  0.145E+00  0.143E+00  0.694E-03  0.118E-02
 -0.517  0.130E+00  0.128E+00  0.746E-03  0.100E-02
 -0.497  0.122E+00  0.120E+00  0.798E-03  0.906E-03
 -0.477  0.121E+00  0.120E+00  0.848E-03  0.901E-03
 -0.457  0.129E+00  0.127E+00  0.894E-03  0.993E-03
 -0.437  0.143E+00  0.141E+00  0.934E-03  0.118E-02
 -0.417  0.164E+00  0.162E+00  0.967E-03  0.147E-02
 -0.397  0.191E+00  0.189E+00  0.990E-03  0.186E-02
 -0.377  0.223E+00  0.220E+00  0.100E-02  0.233E-02
 -0.357  0.259E+00  0.255E+00  0.101E-02  0.289E-02
 -0.337  0.296E+00  0.291E+00  0.100E-02  0.353E-02
 -0.317  0.334E+00  0.329E+00  0.982E-03  0.422E-02
 -0.297  0.371E+00  0.365E+00  0.955E-03  0.496E-02
 -0.277  0.405E+00  0.399E+00  0.918E-03  0.574E-02
 -0.257  0.436E+00  0.429E+00  0.874E-03  0.653E-02
 -0.237  0.462E+00  0.453E+00  0.824E-03  0.733E-02
 -0.217  0.481E+00  0.472E+00  0.770E-03  0.812E-02
 -0.197  0.494E+00  0.485E+00  0.714E-03  0.887E-02
 -0.177  0.500E+00  0.490E+00  0.660E-03  0.959E-02
 -0.157  0.499E+00  0.489E+00  0.611E-03  0.103E-01
 -0.137  0.491E+00  0.480E+00  0.572E-03  0.109E-01
 -0.117  0.477E+00  0.465E+00  0.550E-03  0.114E-01
 -0.097  0.457E+00  0.445E+00  0.552E-03  0.119E-01
 -0.077  0.432E+00  0.419E+00  0.589E-03  0.122E-01
 -0.057  0.404E+00  0.390E+00  0.674E-03  0.126E-01
 -0.037  0.372E+00  0.359E+00  0.820E-03  0.128E-01
 -0.017  0.339E+00  0.325E+00  0.105E-02  0.130E-01
  0.003  0.306E+00  0.291E+00  0.137E-02  0.132E-01
  0.023  0.273E+00  0.258E+00  0.182E-02  0.133E-01
  0.043  0.242E+00  0.226E+00  0.242E-02  0.134E-01
  0.063  0.212E+00  0.195E+00  0.318E-02  0.136E-01
  0.083  0.185E+00  0.167E+00  0.414E-02  0.137E-01
  0.103  0.161E+00  0.142E+00  0.530E-02  0.138E-01
  0.123  0.140E+00  0.120E+00  0.669E-02  0.140E-01
  0.143  0.123E+00  0.100E+00  0.830E-02  0.141E-01
  0.163  0.108E+00  0.839E-01  0.102E-01  0.143E-01
  0.183  0.974E-01  0.706E-01  0.122E-01  0.146E-01
  0.203  0.894E-01  0.601E-01  0.145E-01  0.148E-01
  0.223  0.842E-01  0.522E-01  0.169E-01  0.150E-01
  0.243  0.815E-01  0.468E-01  0.195E-01  0.152E-01
  0.263  0.812E-01  0.435E-01  0.222E-01  0.154E-01
  0.283  0.827E-01  0.423E-01  0.249E-01  0.156E-01
  0.303  0.860E-01  0.427E-01  0.275E-01  0.157E-01
  0.323  0.905E-01  0.447E-01  0.301E-01  0.158E-01
  0.343  0.961E-01  0.479E-01  0.325E-01  0.157E-01
  0.363  0.102E+00  0.522E-01  0.346E-01  0.157E-01
  0.383  0.109E+00  0.572E-01  0.365E-01  0.155E-01
  0.403  0.116E+00  0.628E-01  0.381E-01  0.154E-01
  0.423  0.123E+00  0.687E-01  0.393E-01  0.151E-01
  0.443  0.130E+00  0.746E-01  0.401E-01  0.149E-01
  0.463  0.135E+00  0.804E-01  0.404E-01  0.146E-01
  0.483  0.141E+00  0.858E-01  0.404E-01  0.143E-01
  0.503  0.145E+00  0.906E-01  0.400E-01  0.140E-01
  0.523  0.148E+00  0.947E-01  0.392E-01  0.136E-01
  0.543  0.149E+00  0.979E-01  0.381E-01  0.133E-01
  0.563  0.150E+00  0.100E+00  0.366E-01  0.130E-01
  0.583  0.149E+00  0.101E+00  0.349E-01  0.127E-01
  0.603  0.146E+00  0.101E+00  0.330E-01  0.124E-01
  0.623  0.143E+00  0.998E-01  0.310E-01  0.121E-01
  0.643  0.138E+00  0.975E-01  0.288E-01  0.117E-01
  0.663  0.132E+00  0.942E-01  0.266E-01  0.113E-01
  0.683  0.125E+00  0.899E-01  0.244E-01  0.110E-01
  0.703  0.118E+00  0.849E-01  0.222E-01  0.105E-01
  0.723  0.109E+00  0.792E-01  0.200E-01  0.101E-01
  0.743  0.100E+00  0.729E-01  0.179E-01  0.956E-02
  0.763  0.913E-01  0.664E-01  0.159E-01  0.902E-02
  0.783  0.821E-01  0.596E-01  0.141E-01  0.844E-02
  0.803  0.729E-01  0.527E-01  0.123E-01  0.783E-02
  0.823  0.639E-01  0.460E-01  0.107E-01  0.720E-02
  0.843  0.552E-01  0.395E-01  0.920E-02  0.655E-02
  0.863  0.470E-01  0.333E-01  0.783E-02  0.588E-02
  0.883  0.394E-01  0.275E-01  0.658E-02  0.522E-02
  0.903  0.323E-01  0.223E-01  0.546E-02  0.457E-02
  0.923  0.259E-01  0.175E-01  0.445E-02  0.394E-02
  0.943  0.202E-01  0.133E-01  0.356E-02  0.334E-02
  0.963  0.152E-01  0.969E-02  0.277E-02  0.277E-02
  0.983  0.109E-01  0.662E-02  0.208E-02  0.225E-02
  1.003  0.732E-02  0.407E-02  0.149E-02  0.177E-02
  1.023  0.434E-02  0.201E-02  0.985E-03  0.134E-02
  1.043  0.194E-02  0.400E-03  0.568E-03  0.967E-03
  1.063  0.588E-04 -0.815E-03  0.227E-03  0.647E-03
  1.083 -0.135E-02 -0.169E-02 -0.423E-04  0.378E-03
  1.103 -0.236E-02 -0.227E-02 -0.249E-03  0.159E-03
  1.123 -0.303E-02 -0.262E-02 -0.399E-03 -0.129E-04
  1.143 -0.342E-02 -0.277E-02 -0.501E-03 -0.143E-03
  1.163 -0.358E-02 -0.278E-02 -0.562E-03 -0.237E-03
  1.183 -0.357E-02 -0.269E-02 -0.589E-03 -0.298E-03
  1.203 -0.344E-02 -0.252E-02 -0.589E-03 -0.332E-03
  1.223 -0.321E-02 -0.230E-02 -0.569E-03 -0.345E-03
  1.243 -0.293E-02 -0.206E-02 -0.534E-03 -0.342E-03
  1.263 -0.262E-02 -0.181E-02 -0.490E-03 -0.326E-03
  1.283 -0.230E-02 -0.156E-02 -0.440E-03 -0.302E-03
  1.303 -0.199E-02 -0.133E-02 -0.387E-03 -0.272E-03
  1.323 -0.169E-02 -0.111E-02 -0.335E-03 -0.240E-03
  1.343 -0.141E-02 -0.921E-03 -0.285E-03 -0.208E-03
  1.363 -0.117E-02 -0.753E-03 -0.239E-03 -0.177E-03
  1.383 -0.954E-03 -0.609E-03 -0.198E-03 -0.148E-03
  1.403 -0.769E-03 -0.486E-03 -0.161E-03 -0.121E-03
  1.423 -0.612E-03 -0.384E-03 -0.130E-03 -0.984E-04
  1.443 -0.482E-03 -0.300E-03 -0.103E-03 -0.785E-04
  1.463 -0.375E-03 -0.232E-03 -0.809E-04 -0.618E-04
  1.483 -0.288E-03 -0.178E-03 -0.627E-04 -0.480E-04
  1.503 -0.219E-03 -0.135E-03 -0.480E-04 -0.368E-04
  1.523 -0.165E-03 -0.101E-03 -0.363E-04 -0.278E-04
  1.543 -0.123E-03 -0.749E-04 -0.271E-04 -0.208E-04
  1.563 -0.904E-04 -0.550E-04 -0.201E-04 -0.153E-04
  1.583 -0.658E-04 -0.400E-04 -0.147E-04 -0.112E-04
  1.603 -0.474E-04 -0.288E-04 -0.106E-04 -0.803E-05
  1.623 -0.338E-04 -0.205E-04 -0.757E-05 -0.571E-05
  1.643 -0.238E-04 -0.145E-04 -0.535E-05 -0.401E-05
  1.663 -0.166E-04 -0.101E-04 -0.374E-05 -0.279E-05
  1.683 -0.115E-04 -0.699E-05 -0.259E-05 -0.191E-05
  1.703 -0.786E-05 -0.479E-05 -0.177E-05 -0.130E-05
  1.723 -0.531E-05 -0.324E-05 -0.120E-05 -0.870E-06
  1.743 -0.355E-05 -0.217E-05 -0.802E-06 -0.577E-06
  1.763 -0.235E-05 -0.144E-05 -0.532E-06 -0.379E-06
  1.783 -0.154E-05 -0.948E-06 -0.348E-06 -0.246E-06
