# E (eV)   ldos(E)   pdos(E)    pdos(E)    pdos(E)   
-22.785 -0.367E-05 -0.128E-06 -0.508E-06 -0.303E-05
-22.765 -0.546E-05 -0.191E-06 -0.748E-06 -0.452E-05
-22.745 -0.801E-05 -0.280E-06 -0.109E-05 -0.664E-05
-22.725 -0.116E-04 -0.406E-06 -0.156E-05 -0.964E-05
-22.705 -0.166E-04 -0.582E-06 -0.222E-05 -0.138E-04
-22.685 -0.235E-04 -0.823E-06 -0.310E-05 -0.196E-04
-22.665 -0.328E-04 -0.115E-05 -0.428E-05 -0.273E-04
-22.645 -0.451E-04 -0.158E-05 -0.583E-05 -0.377E-04
-22.625 -0.612E-04 -0.215E-05 -0.783E-05 -0.512E-04
-22.605 -0.820E-04 -0.288E-05 -0.104E-04 -0.687E-04
-22.585 -0.108E-03 -0.380E-05 -0.135E-04 -0.909E-04
-22.565 -0.141E-03 -0.494E-05 -0.174E-04 -0.118E-03
-22.545 -0.180E-03 -0.634E-05 -0.220E-04 -0.152E-03
-22.525 -0.228E-03 -0.800E-05 -0.274E-04 -0.192E-03
-22.505 -0.282E-03 -0.992E-05 -0.336E-04 -0.239E-03
-22.485 -0.345E-03 -0.121E-04 -0.403E-04 -0.292E-03
-22.465 -0.413E-03 -0.145E-04 -0.475E-04 -0.351E-03
-22.445 -0.484E-03 -0.170E-04 -0.548E-04 -0.412E-03
-22.425 -0.556E-03 -0.195E-04 -0.617E-04 -0.475E-03
-22.405 -0.623E-03 -0.218E-04 -0.676E-04 -0.534E-03
-22.385 -0.679E-03 -0.237E-04 -0.718E-04 -0.584E-03
-22.365 -0.716E-03 -0.249E-04 -0.732E-04 -0.617E-03
-22.345 -0.723E-03 -0.251E-04 -0.708E-04 -0.627E-03
-22.325 -0.690E-03 -0.237E-04 -0.634E-04 -0.603E-03
-22.305 -0.604E-03 -0.205E-04 -0.498E-04 -0.534E-03
-22.285 -0.453E-03 -0.149E-04 -0.286E-04 -0.410E-03
-22.265 -0.224E-03 -0.640E-05  0.119E-05 -0.219E-03
-22.245  0.933E-04  0.530E-05  0.406E-04  0.473E-04
-22.225  0.509E-03  0.206E-04  0.903E-04  0.398E-03
-22.205  0.103E-02  0.397E-04  0.151E-03  0.840E-03
-22.185  0.166E-02  0.626E-04  0.222E-03  0.137E-02
-22.165  0.239E-02  0.894E-04  0.302E-03  0.200E-02
-22.145  0.322E-02  0.120E-03  0.392E-03  0.271E-02
-22.125  0.413E-02  0.153E-03  0.488E-03  0.349E-02
-22.105  0.510E-02  0.188E-03  0.590E-03  0.433E-02
-22.085  0.612E-02  0.225E-03  0.695E-03  0.520E-02
-22.065  0.715E-02  0.262E-03  0.800E-03  0.609E-02
-22.045  0.817E-02  0.298E-03  0.903E-03  0.697E-02
-22.025  0.915E-02  0.332E-03  0.100E-02  0.781E-02
-22.005  0.101E-01  0.363E-03  0.109E-02  0.860E-02
-21.985  0.109E-01  0.390E-03  0.118E-02  0.931E-02
-21.965  0.116E-01  0.412E-03  0.125E-02  0.992E-02
-21.945  0.122E-01  0.429E-03  0.132E-02  0.104E-01
-21.925  0.127E-01  0.441E-03  0.138E-02  0.108E-01
-21.905  0.130E-01  0.447E-03  0.143E-02  0.112E-01
-21.885  0.133E-01  0.449E-03  0.148E-02  0.114E-01
-21.865  0.136E-01  0.447E-03  0.152E-02  0.116E-01
-21.845  0.137E-01  0.442E-03  0.156E-02  0.117E-01
-21.825  0.139E-01  0.437E-03  0.160E-02  0.119E-01
-21.805  0.142E-01  0.431E-03  0.164E-02  0.121E-01
-21.785  0.145E-01  0.428E-03  0.168E-02  0.124E-01
-21.765  0.149E-01  0.428E-03  0.173E-02  0.128E-01
-21.745  0.155E-01  0.432E-03  0.178E-02  0.132E-01
-21.725  0.161E-01  0.442E-03  0.183E-02  0.139E-01
-21.705  0.170E-01  0.458E-03  0.188E-02  0.146E-01
-21.685  0.179E-01  0.480E-03  0.192E-02  0.155E-01
-21.665  0.190E-01  0.508E-03  0.197E-02  0.166E-01
-21.645  0.202E-01  0.541E-03  0.200E-02  0.177E-01
-21.625  0.215E-01  0.579E-03  0.202E-02  0.189E-01
-21.605  0.228E-01  0.620E-03  0.203E-02  0.201E-01
-21.585  0.241E-01  0.663E-03  0.203E-02  0.214E-01
-21.565  0.253E-01  0.706E-03  0.202E-02  0.226E-01
-21.545  0.264E-01  0.747E-03  0.200E-02  0.237E-01
-21.525  0.274E-01  0.786E-03  0.196E-02  0.247E-01
-21.505  0.282E-01  0.819E-03  0.192E-02  0.255E-01
-21.485  0.288E-01  0.847E-03  0.186E-02  0.261E-01
-21.465  0.292E-01  0.867E-03  0.181E-02  0.265E-01
-21.445  0.294E-01  0.881E-03  0.175E-02  0.267E-01
-21.425  0.293E-01  0.886E-03  0.169E-02  0.267E-01
-21.405  0.290E-01  0.884E-03  0.164E-02  0.265E-01
-21.385  0.285E-01  0.875E-03  0.159E-02  0.260E-01
-21.365  0.279E-01  0.861E-03  0.156E-02  0.255E-01
-21.345  0.271E-01  0.841E-03  0.153E-02  0.247E-01
-21.325  0.263E-01  0.818E-03  0.151E-02  0.240E-01
-21.305  0.254E-01  0.793E-03  0.151E-02  0.231E-01
-21.285  0.246E-01  0.767E-03  0.151E-02  0.223E-01
-21.265  0.237E-01  0.743E-03  0.152E-02  0.215E-01
-21.245  0.230E-01  0.721E-03  0.154E-02  0.208E-01
-21.225  0.224E-01  0.704E-03  0.157E-02  0.202E-01
-21.205  0.220E-01  0.691E-03  0.160E-02  0.197E-01
-21.185  0.217E-01  0.683E-03  0.163E-02  0.194E-01
-21.165  0.215E-01  0.681E-03  0.166E-02  0.192E-01
-21.145  0.216E-01  0.685E-03  0.170E-02  0.192E-01
-21.125  0.218E-01  0.695E-03  0.173E-02  0.193E-01
-21.105  0.221E-01  0.709E-03  0.177E-02  0.196E-01
-21.085  0.226E-01  0.729E-03  0.180E-02  0.200E-01
-21.065  0.231E-01  0.753E-03  0.183E-02  0.206E-01
-21.045  0.238E-01  0.779E-03  0.187E-02  0.212E-01
-21.025  0.245E-01  0.809E-03  0.190E-02  0.218E-01
-21.005  0.253E-01  0.840E-03  0.193E-02  0.226E-01
-20.985  0.262E-01  0.872E-03  0.197E-02  0.233E-01
-20.965  0.270E-01  0.905E-03  0.201E-02  0.241E-01
-20.945  0.278E-01  0.937E-03  0.205E-02  0.249E-01
-20.925  0.287E-01  0.969E-03  0.210E-02  0.256E-01
-20.905  0.295E-01  0.100E-02  0.214E-02  0.263E-01
-20.885  0.303E-01  0.103E-02  0.218E-02  0.270E-01
-20.865  0.310E-01  0.106E-02  0.222E-02  0.277E-01
-20.845  0.317E-01  0.109E-02  0.226E-02  0.283E-01
-20.825  0.323E-01  0.111E-02  0.228E-02  0.289E-01
-20.805  0.328E-01  0.113E-02  0.229E-02  0.293E-01
-20.785  0.332E-01  0.115E-02  0.227E-02  0.298E-01
-20.765  0.335E-01  0.117E-02  0.222E-02  0.301E-01
-20.745  0.336E-01  0.118E-02  0.213E-02  0.303E-01
-20.725  0.337E-01  0.119E-02  0.200E-02  0.305E-01
-20.705  0.335E-01  0.120E-02  0.182E-02  0.305E-01
-20.685  0.332E-01  0.121E-02  0.158E-02  0.304E-01
-20.665  0.328E-01  0.121E-02  0.128E-02  0.303E-01
-20.645  0.321E-01  0.121E-02  0.920E-03  0.300E-01
-20.625  0.314E-01  0.121E-02  0.502E-03  0.297E-01
-20.605  0.306E-01  0.121E-02  0.380E-04  0.293E-01
-20.585  0.296E-01  0.121E-02 -0.455E-03  0.289E-01
-20.565  0.287E-01  0.121E-02 -0.948E-03  0.284E-01
-20.545  0.278E-01  0.121E-02 -0.140E-02  0.280E-01
-20.525  0.270E-01  0.122E-02 -0.177E-02  0.276E-01
-20.505  0.265E-01  0.123E-02 -0.198E-02  0.273E-01
-20.485  0.263E-01  0.125E-02 -0.196E-02  0.270E-01
-20.465  0.265E-01  0.128E-02 -0.162E-02  0.268E-01
-20.445  0.272E-01  0.132E-02 -0.836E-03  0.268E-01
-20.425  0.287E-01  0.137E-02  0.494E-03  0.268E-01
-20.405  0.309E-01  0.143E-02  0.250E-02  0.270E-01
-20.385  0.341E-01  0.150E-02  0.529E-02  0.273E-01
-20.365  0.383E-01  0.158E-02  0.900E-02  0.277E-01
-20.345  0.436E-01  0.167E-02  0.137E-01  0.282E-01
-20.325  0.500E-01  0.177E-02  0.195E-01  0.287E-01
-20.305  0.577E-01  0.188E-02  0.265E-01  0.293E-01
-20.285  0.665E-01  0.199E-02  0.346E-01  0.299E-01
-20.265  0.763E-01  0.211E-02  0.438E-01  0.304E-01
-20.245  0.871E-01  0.221E-02  0.540E-01  0.309E-01
-20.225  0.987E-01  0.231E-02  0.651E-01  0.313E-01
-20.205  0.111E+00  0.240E-02  0.768E-01  0.316E-01
-20.185  0.123E+00  0.248E-02  0.888E-01  0.317E-01
-20.165  0.135E+00  0.253E-02  0.101E+00  0.317E-01
-20.145  0.147E+00  0.256E-02  0.113E+00  0.315E-01
-20.125  0.158E+00  0.257E-02  0.124E+00  0.312E-01
-20.105  0.167E+00  0.255E-02  0.134E+00  0.308E-01
-20.085  0.175E+00  0.251E-02  0.143E+00  0.303E-01
-20.065  0.182E+00  0.244E-02  0.150E+00  0.297E-01
-20.045  0.186E+00  0.235E-02  0.155E+00  0.290E-01
-20.025  0.188E+00  0.224E-02  0.157E+00  0.284E-01
-20.005  0.188E+00  0.212E-02  0.158E+00  0.277E-01
-19.985  0.185E+00  0.199E-02  0.156E+00  0.272E-01
-19.965  0.181E+00  0.186E-02  0.152E+00  0.268E-01
-19.945  0.175E+00  0.172E-02  0.147E+00  0.265E-01
-19.925  0.167E+00  0.160E-02  0.139E+00  0.264E-01
-19.905  0.159E+00  0.148E-02  0.131E+00  0.265E-01
-19.885  0.149E+00  0.139E-02  0.121E+00  0.268E-01
-19.865  0.139E+00  0.131E-02  0.111E+00  0.272E-01
-19.845  0.129E+00  0.126E-02  0.100E+00  0.278E-01
-19.825  0.120E+00  0.123E-02  0.902E-01  0.285E-01
-19.805  0.111E+00  0.122E-02  0.807E-01  0.294E-01
-19.785  0.104E+00  0.123E-02  0.721E-01  0.302E-01
-19.765  0.970E-01  0.126E-02  0.647E-01  0.311E-01
-19.745  0.916E-01  0.130E-02  0.585E-01  0.318E-01
-19.725  0.874E-01  0.135E-02  0.535E-01  0.325E-01
-19.705  0.842E-01  0.141E-02  0.498E-01  0.330E-01
-19.685  0.819E-01  0.146E-02  0.472E-01  0.332E-01
-19.665  0.803E-01  0.151E-02  0.456E-01  0.332E-01
-19.645  0.790E-01  0.155E-02  0.447E-01  0.328E-01
-19.625  0.779E-01  0.158E-02  0.442E-01  0.322E-01
-19.605  0.767E-01  0.159E-02  0.440E-01  0.312E-01
-19.585  0.752E-01  0.158E-02  0.438E-01  0.298E-01
-19.565  0.731E-01  0.155E-02  0.433E-01  0.282E-01
-19.545  0.703E-01  0.150E-02  0.425E-01  0.263E-01
-19.525  0.668E-01  0.144E-02  0.413E-01  0.241E-01
-19.505  0.625E-01  0.135E-02  0.395E-01  0.217E-01
-19.485  0.576E-01  0.124E-02  0.371E-01  0.192E-01
-19.465  0.521E-01  0.113E-02  0.343E-01  0.167E-01
-19.445  0.462E-01  0.101E-02  0.311E-01  0.141E-01
-19.425  0.402E-01  0.876E-03  0.276E-01  0.117E-01
-19.405  0.342E-01  0.747E-03  0.241E-01  0.934E-02
-19.385  0.285E-01  0.620E-03  0.206E-01  0.724E-02
-19.365  0.233E-01  0.501E-03  0.174E-01  0.542E-02
-19.345  0.189E-01  0.392E-03  0.146E-01  0.394E-02
-19.325  0.155E-01  0.297E-03  0.123E-01  0.285E-02
-19.305  0.132E-01  0.217E-03  0.108E-01  0.218E-02
-19.285  0.121E-01  0.154E-03  0.998E-02  0.198E-02
-19.265  0.124E-01  0.109E-03  0.100E-01  0.226E-02
-19.245  0.140E-01  0.828E-04  0.109E-01  0.301E-02
-19.225  0.169E-01  0.749E-04  0.126E-01  0.424E-02
-19.205  0.211E-01  0.846E-04  0.151E-01  0.592E-02
-19.185  0.263E-01  0.111E-03  0.182E-01  0.801E-02
-19.165  0.326E-01  0.152E-03  0.219E-01  0.105E-01
-19.145  0.395E-01  0.207E-03  0.261E-01  0.132E-01
-19.125  0.470E-01  0.273E-03  0.305E-01  0.162E-01
-19.105  0.547E-01  0.349E-03  0.350E-01  0.194E-01
-19.085  0.625E-01  0.431E-03  0.395E-01  0.226E-01
-19.065  0.700E-01  0.519E-03  0.437E-01  0.258E-01
-19.045  0.772E-01  0.609E-03  0.477E-01  0.289E-01
-19.025  0.836E-01  0.701E-03  0.511E-01  0.318E-01
-19.005  0.893E-01  0.792E-03  0.540E-01  0.345E-01
-18.985  0.941E-01  0.880E-03  0.563E-01  0.369E-01
-18.965  0.978E-01  0.964E-03  0.579E-01  0.389E-01
-18.945  0.100E+00  0.104E-02  0.588E-01  0.406E-01
-18.925  0.102E+00  0.112E-02  0.590E-01  0.419E-01
-18.905  0.103E+00  0.118E-02  0.586E-01  0.427E-01
-18.885  0.102E+00  0.124E-02  0.577E-01  0.432E-01
-18.865  0.101E+00  0.129E-02  0.562E-01  0.433E-01
-18.845  0.989E-01  0.133E-02  0.544E-01  0.432E-01
-18.825  0.964E-01  0.136E-02  0.524E-01  0.427E-01
-18.805  0.935E-01  0.139E-02  0.502E-01  0.420E-01
-18.785  0.903E-01  0.141E-02  0.479E-01  0.410E-01
-18.765  0.871E-01  0.141E-02  0.456E-01  0.400E-01
-18.745  0.838E-01  0.141E-02  0.436E-01  0.388E-01
-18.725  0.807E-01  0.141E-02  0.417E-01  0.376E-01
-18.705  0.777E-01  0.140E-02  0.400E-01  0.363E-01
-18.685  0.751E-01  0.138E-02  0.387E-01  0.350E-01
-18.665  0.728E-01  0.136E-02  0.376E-01  0.338E-01
-18.645  0.708E-01  0.133E-02  0.369E-01  0.326E-01
-18.625  0.692E-01  0.131E-02  0.364E-01  0.315E-01
-18.605  0.679E-01  0.129E-02  0.362E-01  0.304E-01
-18.585  0.669E-01  0.126E-02  0.361E-01  0.295E-01
-18.565  0.661E-01  0.125E-02  0.362E-01  0.287E-01
-18.545  0.656E-01  0.124E-02  0.364E-01  0.280E-01
-18.525  0.652E-01  0.124E-02  0.366E-01  0.274E-01
-18.505  0.650E-01  0.124E-02  0.368E-01  0.270E-01
-18.485  0.649E-01  0.126E-02  0.369E-01  0.267E-01
-18.465  0.648E-01  0.129E-02  0.369E-01  0.266E-01
-18.445  0.647E-01  0.133E-02  0.368E-01  0.266E-01
-18.425  0.647E-01  0.138E-02  0.366E-01  0.267E-01
-18.405  0.646E-01  0.144E-02  0.362E-01  0.270E-01
-18.385  0.645E-01  0.150E-02  0.357E-01  0.273E-01
-18.365  0.643E-01  0.158E-02  0.350E-01  0.277E-01
-18.345  0.642E-01  0.166E-02  0.343E-01  0.282E-01
-18.325  0.639E-01  0.174E-02  0.335E-01  0.286E-01
-18.305  0.636E-01  0.182E-02  0.327E-01  0.291E-01
-18.285  0.633E-01  0.191E-02  0.318E-01  0.296E-01
-18.265  0.629E-01  0.199E-02  0.309E-01  0.300E-01
-18.245  0.625E-01  0.206E-02  0.300E-01  0.304E-01
-18.225  0.621E-01  0.214E-02  0.291E-01  0.308E-01
-18.205  0.616E-01  0.220E-02  0.282E-01  0.312E-01
-18.185  0.612E-01  0.227E-02  0.273E-01  0.316E-01
-18.165  0.608E-01  0.233E-02  0.264E-01  0.321E-01
-18.145  0.605E-01  0.238E-02  0.255E-01  0.327E-01
-18.125  0.603E-01  0.243E-02  0.245E-01  0.333E-01
-18.105  0.602E-01  0.248E-02  0.236E-01  0.341E-01
-18.085  0.601E-01  0.252E-02  0.226E-01  0.350E-01
-18.065  0.602E-01  0.256E-02  0.216E-01  0.361E-01
-18.045  0.604E-01  0.260E-02  0.206E-01  0.372E-01
-18.025  0.607E-01  0.263E-02  0.196E-01  0.385E-01
-18.005  0.611E-01  0.266E-02  0.186E-01  0.398E-01
-17.985  0.616E-01  0.268E-02  0.177E-01  0.412E-01
-17.965  0.622E-01  0.269E-02  0.170E-01  0.425E-01
-17.945  0.628E-01  0.269E-02  0.163E-01  0.438E-01
-17.925  0.635E-01  0.269E-02  0.158E-01  0.450E-01
-17.905  0.643E-01  0.267E-02  0.156E-01  0.460E-01
-17.885  0.651E-01  0.265E-02  0.156E-01  0.469E-01
-17.865  0.659E-01  0.261E-02  0.158E-01  0.475E-01
-17.845  0.668E-01  0.257E-02  0.163E-01  0.479E-01
-17.825  0.677E-01  0.253E-02  0.171E-01  0.481E-01
-17.805  0.687E-01  0.248E-02  0.181E-01  0.480E-01
-17.785  0.697E-01  0.243E-02  0.194E-01  0.478E-01
-17.765  0.707E-01  0.239E-02  0.209E-01  0.473E-01
-17.745  0.717E-01  0.234E-02  0.226E-01  0.468E-01
-17.725  0.728E-01  0.230E-02  0.244E-01  0.460E-01
-17.705  0.738E-01  0.227E-02  0.262E-01  0.453E-01
-17.685  0.747E-01  0.225E-02  0.281E-01  0.444E-01
-17.665  0.756E-01  0.224E-02  0.299E-01  0.435E-01
-17.645  0.764E-01  0.224E-02  0.315E-01  0.427E-01
-17.625  0.771E-01  0.225E-02  0.330E-01  0.418E-01
-17.605  0.775E-01  0.227E-02  0.342E-01  0.410E-01
-17.585  0.778E-01  0.230E-02  0.352E-01  0.403E-01
-17.565  0.778E-01  0.233E-02  0.358E-01  0.396E-01
-17.545  0.776E-01  0.238E-02  0.362E-01  0.390E-01
-17.525  0.771E-01  0.242E-02  0.362E-01  0.385E-01
-17.505  0.764E-01  0.247E-02  0.359E-01  0.380E-01
-17.485  0.754E-01  0.251E-02  0.353E-01  0.376E-01
-17.465  0.742E-01  0.255E-02  0.344E-01  0.372E-01
-17.445  0.728E-01  0.259E-02  0.333E-01  0.369E-01
-17.425  0.712E-01  0.262E-02  0.319E-01  0.367E-01
-17.405  0.695E-01  0.264E-02  0.304E-01  0.365E-01
-17.385  0.678E-01  0.265E-02  0.287E-01  0.364E-01
-17.365  0.660E-01  0.266E-02  0.270E-01  0.363E-01
-17.345  0.643E-01  0.265E-02  0.253E-01  0.363E-01
-17.325  0.626E-01  0.264E-02  0.236E-01  0.364E-01
-17.305  0.611E-01  0.262E-02  0.219E-01  0.366E-01
-17.285  0.598E-01  0.260E-02  0.203E-01  0.369E-01
-17.265  0.587E-01  0.258E-02  0.189E-01  0.373E-01
-17.245  0.579E-01  0.256E-02  0.175E-01  0.378E-01
-17.225  0.573E-01  0.255E-02  0.163E-01  0.384E-01
-17.205  0.570E-01  0.255E-02  0.152E-01  0.392E-01
-17.185  0.569E-01  0.255E-02  0.142E-01  0.402E-01
-17.165  0.571E-01  0.257E-02  0.133E-01  0.412E-01
-17.145  0.575E-01  0.261E-02  0.125E-01  0.424E-01
-17.125  0.581E-01  0.265E-02  0.118E-01  0.437E-01
-17.105  0.587E-01  0.271E-02  0.110E-01  0.450E-01
-17.085  0.594E-01  0.277E-02  0.103E-01  0.463E-01
-17.065  0.601E-01  0.284E-02  0.961E-02  0.476E-01
-17.045  0.606E-01  0.292E-02  0.888E-02  0.488E-01
-17.025  0.609E-01  0.299E-02  0.813E-02  0.498E-01
-17.005  0.610E-01  0.305E-02  0.736E-02  0.506E-01
-16.985  0.607E-01  0.310E-02  0.657E-02  0.510E-01
-16.965  0.600E-01  0.313E-02  0.578E-02  0.511E-01
-16.945  0.589E-01  0.313E-02  0.499E-02  0.508E-01
-16.925  0.573E-01  0.311E-02  0.421E-02  0.500E-01
-16.905  0.552E-01  0.306E-02  0.347E-02  0.487E-01
-16.885  0.527E-01  0.297E-02  0.277E-02  0.469E-01
-16.865  0.497E-01  0.285E-02  0.213E-02  0.447E-01
-16.845  0.463E-01  0.271E-02  0.156E-02  0.421E-01
-16.825  0.426E-01  0.253E-02  0.106E-02  0.390E-01
-16.805  0.387E-01  0.234E-02  0.632E-03  0.357E-01
-16.785  0.345E-01  0.212E-02  0.281E-03  0.321E-01
-16.765  0.303E-01  0.189E-02  0.240E-05  0.284E-01
-16.745  0.261E-01  0.165E-02 -0.210E-03  0.247E-01
-16.725  0.220E-01  0.142E-02 -0.363E-03  0.210E-01
-16.705  0.181E-01  0.119E-02 -0.465E-03  0.174E-01
-16.685  0.145E-01  0.967E-03 -0.525E-03  0.140E-01
-16.665  0.111E-01  0.762E-03 -0.552E-03  0.109E-01
-16.645  0.812E-02  0.576E-03 -0.556E-03  0.810E-02
-16.625  0.549E-02  0.411E-03 -0.544E-03  0.562E-02
-16.605  0.323E-02  0.269E-03 -0.525E-03  0.348E-02
-16.585  0.134E-02  0.149E-03 -0.503E-03  0.169E-02
-16.565 -0.204E-03  0.517E-04 -0.485E-03  0.229E-03
-16.545 -0.143E-02 -0.249E-04 -0.476E-03 -0.932E-03
-16.525 -0.239E-02 -0.826E-04 -0.480E-03 -0.183E-02
-16.505 -0.311E-02 -0.124E-03 -0.500E-03 -0.249E-02
-16.485 -0.365E-02 -0.151E-03 -0.539E-03 -0.296E-02
-16.465 -0.405E-02 -0.167E-03 -0.600E-03 -0.328E-02
-16.445 -0.435E-02 -0.175E-03 -0.684E-03 -0.349E-02
-16.425 -0.458E-02 -0.176E-03 -0.795E-03 -0.360E-02
-16.405 -0.476E-02 -0.173E-03 -0.933E-03 -0.365E-02
-16.385 -0.492E-02 -0.168E-03 -0.110E-02 -0.365E-02
-16.365 -0.506E-02 -0.161E-03 -0.131E-02 -0.359E-02
-16.345 -0.518E-02 -0.153E-03 -0.155E-02 -0.348E-02
-16.325 -0.527E-02 -0.146E-03 -0.183E-02 -0.330E-02
-16.305 -0.532E-02 -0.140E-03 -0.215E-02 -0.303E-02
-16.285 -0.531E-02 -0.134E-03 -0.253E-02 -0.264E-02
-16.265 -0.521E-02 -0.128E-03 -0.297E-02 -0.210E-02
-16.245 -0.499E-02 -0.123E-03 -0.348E-02 -0.139E-02
-16.225 -0.464E-02 -0.117E-03 -0.406E-02 -0.462E-03
-16.205 -0.413E-02 -0.111E-03 -0.473E-02  0.703E-03
-16.185 -0.345E-02 -0.104E-03 -0.547E-02  0.213E-02
-16.165 -0.256E-02 -0.951E-04 -0.629E-02  0.383E-02
-16.145 -0.145E-02 -0.840E-04 -0.717E-02  0.580E-02
-16.125 -0.104E-03 -0.699E-04 -0.808E-02  0.805E-02
-16.105  0.153E-02 -0.517E-04 -0.896E-02  0.105E-01
-16.085  0.349E-02 -0.280E-04 -0.974E-02  0.133E-01
-16.065  0.588E-02  0.332E-05 -0.103E-01  0.162E-01
-16.045  0.879E-02  0.450E-04 -0.105E-01  0.192E-01
-16.025  0.124E-01  0.101E-03 -0.100E-01  0.223E-01
-16.005  0.169E-01  0.174E-03 -0.880E-02  0.255E-01
-15.985  0.225E-01  0.272E-03 -0.644E-02  0.287E-01
-15.965  0.296E-01  0.400E-03 -0.265E-02  0.319E-01
-15.945  0.385E-01  0.565E-03  0.294E-02  0.350E-01
-15.925  0.495E-01  0.774E-03  0.107E-01  0.381E-01
-15.905  0.630E-01  0.103E-02  0.209E-01  0.411E-01
-15.885  0.794E-01  0.135E-02  0.340E-01  0.441E-01
-15.865  0.989E-01  0.174E-02  0.501E-01  0.470E-01
-15.845  0.122E+00  0.219E-02  0.695E-01  0.501E-01
-15.825  0.148E+00  0.270E-02  0.920E-01  0.531E-01
-15.805  0.177E+00  0.329E-02  0.118E+00  0.563E-01
-15.785  0.210E+00  0.393E-02  0.146E+00  0.595E-01
-15.765  0.244E+00  0.462E-02  0.177E+00  0.629E-01
-15.745  0.281E+00  0.535E-02  0.209E+00  0.663E-01
-15.725  0.318E+00  0.609E-02  0.242E+00  0.698E-01
-15.705  0.355E+00  0.683E-02  0.275E+00  0.733E-01
-15.685  0.391E+00  0.754E-02  0.307E+00  0.767E-01
-15.665  0.425E+00  0.820E-02  0.337E+00  0.798E-01
-15.645  0.455E+00  0.878E-02  0.363E+00  0.828E-01
-15.625  0.480E+00  0.926E-02  0.385E+00  0.853E-01
-15.605  0.499E+00  0.962E-02  0.402E+00  0.874E-01
-15.585  0.513E+00  0.985E-02  0.414E+00  0.890E-01
-15.565  0.520E+00  0.994E-02  0.420E+00  0.900E-01
-15.545  0.520E+00  0.989E-02  0.419E+00  0.905E-01
-15.525  0.513E+00  0.969E-02  0.413E+00  0.903E-01
-15.505  0.501E+00  0.936E-02  0.402E+00  0.897E-01
-15.485  0.483E+00  0.892E-02  0.386E+00  0.887E-01
-15.465  0.461E+00  0.837E-02  0.365E+00  0.872E-01
-15.445  0.436E+00  0.776E-02  0.342E+00  0.855E-01
-15.425  0.408E+00  0.709E-02  0.317E+00  0.836E-01
-15.405  0.379E+00  0.641E-02  0.291E+00  0.817E-01
-15.385  0.350E+00  0.572E-02  0.264E+00  0.798E-01
-15.365  0.322E+00  0.507E-02  0.239E+00  0.780E-01
-15.345  0.295E+00  0.446E-02  0.214E+00  0.763E-01
-15.325  0.271E+00  0.392E-02  0.192E+00  0.749E-01
-15.305  0.248E+00  0.345E-02  0.171E+00  0.737E-01
-15.285  0.229E+00  0.307E-02  0.153E+00  0.727E-01
-15.265  0.212E+00  0.278E-02  0.137E+00  0.720E-01
-15.245  0.198E+00  0.259E-02  0.124E+00  0.715E-01
-15.225  0.186E+00  0.248E-02  0.113E+00  0.711E-01
-15.205  0.176E+00  0.246E-02  0.103E+00  0.709E-01
-15.185  0.169E+00  0.251E-02  0.953E-01  0.708E-01
-15.165  0.162E+00  0.263E-02  0.890E-01  0.708E-01
-15.145  0.157E+00  0.282E-02  0.838E-01  0.708E-01
-15.125  0.154E+00  0.304E-02  0.797E-01  0.708E-01
-15.105  0.151E+00  0.331E-02  0.764E-01  0.708E-01
-15.085  0.148E+00  0.360E-02  0.739E-01  0.708E-01
-15.065  0.147E+00  0.390E-02  0.719E-01  0.707E-01
-15.045  0.145E+00  0.419E-02  0.705E-01  0.705E-01
-15.025  0.144E+00  0.448E-02  0.694E-01  0.702E-01
-15.005  0.143E+00  0.474E-02  0.688E-01  0.697E-01
-14.985  0.142E+00  0.497E-02  0.684E-01  0.690E-01
-14.965  0.141E+00  0.515E-02  0.682E-01  0.682E-01
-14.945  0.140E+00  0.528E-02  0.680E-01  0.671E-01
-14.925  0.139E+00  0.536E-02  0.678E-01  0.659E-01
-14.905  0.137E+00  0.537E-02  0.676E-01  0.645E-01
-14.885  0.135E+00  0.533E-02  0.671E-01  0.629E-01
-14.865  0.133E+00  0.522E-02  0.664E-01  0.611E-01
-14.845  0.130E+00  0.507E-02  0.654E-01  0.594E-01
-14.825  0.127E+00  0.487E-02  0.641E-01  0.576E-01
-14.805  0.123E+00  0.462E-02  0.624E-01  0.559E-01
-14.785  0.119E+00  0.435E-02  0.604E-01  0.544E-01
-14.765  0.115E+00  0.406E-02  0.582E-01  0.531E-01
-14.745  0.112E+00  0.377E-02  0.558E-01  0.521E-01
-14.725  0.108E+00  0.348E-02  0.532E-01  0.515E-01
-14.705  0.105E+00  0.320E-02  0.507E-01  0.513E-01
-14.685  0.103E+00  0.295E-02  0.482E-01  0.516E-01
-14.665  0.101E+00  0.272E-02  0.458E-01  0.523E-01
-14.645  0.996E-01  0.253E-02  0.436E-01  0.534E-01
-14.625  0.989E-01  0.238E-02  0.417E-01  0.548E-01
-14.605  0.990E-01  0.226E-02  0.401E-01  0.566E-01
-14.585  0.996E-01  0.218E-02  0.388E-01  0.586E-01
-14.565  0.101E+00  0.213E-02  0.378E-01  0.607E-01
-14.545  0.102E+00  0.210E-02  0.371E-01  0.629E-01
-14.525  0.104E+00  0.210E-02  0.367E-01  0.650E-01
-14.505  0.106E+00  0.212E-02  0.366E-01  0.670E-01
-14.485  0.108E+00  0.215E-02  0.367E-01  0.688E-01
-14.465  0.110E+00  0.218E-02  0.371E-01  0.703E-01
-14.445  0.111E+00  0.222E-02  0.376E-01  0.716E-01
-14.425  0.113E+00  0.226E-02  0.383E-01  0.726E-01
-14.405  0.115E+00  0.229E-02  0.392E-01  0.734E-01
-14.385  0.116E+00  0.232E-02  0.402E-01  0.739E-01
-14.365  0.118E+00  0.234E-02  0.414E-01  0.742E-01
-14.345  0.119E+00  0.235E-02  0.426E-01  0.744E-01
-14.325  0.121E+00  0.236E-02  0.440E-01  0.745E-01
-14.305  0.122E+00  0.236E-02  0.455E-01  0.746E-01
-14.285  0.124E+00  0.235E-02  0.471E-01  0.747E-01
-14.265  0.126E+00  0.234E-02  0.487E-01  0.748E-01
-14.245  0.128E+00  0.233E-02  0.504E-01  0.750E-01
-14.225  0.130E+00  0.231E-02  0.520E-01  0.752E-01
-14.205  0.131E+00  0.229E-02  0.537E-01  0.754E-01
-14.185  0.133E+00  0.226E-02  0.552E-01  0.755E-01
-14.165  0.134E+00  0.223E-02  0.565E-01  0.756E-01
-14.145  0.135E+00  0.219E-02  0.575E-01  0.755E-01
-14.125  0.136E+00  0.214E-02  0.583E-01  0.751E-01
-14.105  0.135E+00  0.208E-02  0.587E-01  0.744E-01
-14.085  0.134E+00  0.202E-02  0.586E-01  0.733E-01
-14.065  0.132E+00  0.194E-02  0.580E-01  0.717E-01
-14.045  0.128E+00  0.185E-02  0.569E-01  0.695E-01
-14.025  0.124E+00  0.174E-02  0.552E-01  0.668E-01
-14.005  0.118E+00  0.163E-02  0.530E-01  0.635E-01
-13.985  0.111E+00  0.151E-02  0.502E-01  0.597E-01
-13.965  0.104E+00  0.137E-02  0.470E-01  0.555E-01
-13.945  0.954E-01  0.123E-02  0.434E-01  0.508E-01
-13.925  0.862E-01  0.108E-02  0.394E-01  0.458E-01
-13.905  0.766E-01  0.935E-03  0.352E-01  0.405E-01
-13.885  0.668E-01  0.783E-03  0.308E-01  0.352E-01
-13.865  0.569E-01  0.632E-03  0.264E-01  0.299E-01
-13.845  0.472E-01  0.484E-03  0.221E-01  0.247E-01
-13.825  0.379E-01  0.341E-03  0.179E-01  0.197E-01
-13.805  0.291E-01  0.204E-03  0.139E-01  0.150E-01
-13.785  0.210E-01  0.749E-04  0.102E-01  0.107E-01
-13.765  0.136E-01 -0.452E-04  0.690E-02  0.677E-02
-13.745  0.715E-02 -0.155E-03  0.396E-02  0.335E-02
-13.725  0.158E-02 -0.252E-03  0.142E-02  0.415E-03
-13.705 -0.305E-02 -0.336E-03 -0.703E-03 -0.201E-02
-13.685 -0.673E-02 -0.402E-03 -0.241E-02 -0.392E-02
-13.665 -0.947E-02 -0.449E-03 -0.370E-02 -0.533E-02
-13.645 -0.113E-01 -0.473E-03 -0.458E-02 -0.621E-02
-13.625 -0.121E-01 -0.468E-03 -0.505E-02 -0.659E-02
-13.605 -0.120E-01 -0.430E-03 -0.512E-02 -0.643E-02
-13.585 -0.109E-01 -0.353E-03 -0.479E-02 -0.575E-02
-13.565 -0.879E-02 -0.231E-03 -0.405E-02 -0.451E-02
-13.545 -0.566E-02 -0.580E-04 -0.289E-02 -0.271E-02
-13.525 -0.147E-02  0.171E-03 -0.132E-02 -0.322E-03
-13.505  0.380E-02  0.462E-03  0.681E-03  0.265E-02
-13.485  0.101E-01  0.816E-03  0.311E-02  0.622E-02
-13.465  0.175E-01  0.123E-02  0.595E-02  0.104E-01
-13.445  0.259E-01  0.172E-02  0.918E-02  0.150E-01
-13.425  0.353E-01  0.226E-02  0.128E-01  0.202E-01
-13.405  0.453E-01  0.285E-02  0.167E-01  0.258E-01
-13.385  0.561E-01  0.349E-02  0.208E-01  0.318E-01
-13.365  0.672E-01  0.416E-02  0.251E-01  0.379E-01
-13.345  0.785E-01  0.484E-02  0.295E-01  0.442E-01
-13.325  0.898E-01  0.553E-02  0.339E-01  0.504E-01
-13.305  0.101E+00  0.619E-02  0.381E-01  0.565E-01
-13.285  0.111E+00  0.683E-02  0.422E-01  0.623E-01
-13.265  0.121E+00  0.741E-02  0.460E-01  0.677E-01
-13.245  0.130E+00  0.793E-02  0.495E-01  0.726E-01
-13.225  0.138E+00  0.837E-02  0.527E-01  0.771E-01
-13.205  0.145E+00  0.871E-02  0.556E-01  0.809E-01
-13.185  0.151E+00  0.896E-02  0.582E-01  0.842E-01
-13.165  0.157E+00  0.911E-02  0.607E-01  0.869E-01
-13.145  0.161E+00  0.915E-02  0.631E-01  0.890E-01
-13.125  0.165E+00  0.908E-02  0.655E-01  0.907E-01
-13.105  0.169E+00  0.893E-02  0.681E-01  0.919E-01
-13.085  0.173E+00  0.868E-02  0.710E-01  0.929E-01
-13.065  0.176E+00  0.836E-02  0.743E-01  0.935E-01
-13.045  0.180E+00  0.797E-02  0.781E-01  0.940E-01
-13.025  0.184E+00  0.753E-02  0.825E-01  0.943E-01
-13.005  0.189E+00  0.706E-02  0.874E-01  0.946E-01
-12.985  0.194E+00  0.657E-02  0.929E-01  0.949E-01
-12.965  0.200E+00  0.607E-02  0.987E-01  0.952E-01
-12.945  0.206E+00  0.559E-02  0.105E+00  0.957E-01
-12.925  0.212E+00  0.514E-02  0.111E+00  0.963E-01
-12.905  0.218E+00  0.473E-02  0.117E+00  0.970E-01
-12.885  0.225E+00  0.437E-02  0.122E+00  0.980E-01
-12.865  0.230E+00  0.408E-02  0.127E+00  0.993E-01
-12.845  0.235E+00  0.386E-02  0.131E+00  0.101E+00
-12.825  0.239E+00  0.372E-02  0.133E+00  0.103E+00
-12.805  0.243E+00  0.367E-02  0.134E+00  0.105E+00
-12.785  0.245E+00  0.370E-02  0.134E+00  0.107E+00
-12.765  0.246E+00  0.381E-02  0.132E+00  0.110E+00
-12.745  0.246E+00  0.399E-02  0.129E+00  0.112E+00
-12.725  0.244E+00  0.424E-02  0.125E+00  0.115E+00
-12.705  0.242E+00  0.455E-02  0.119E+00  0.118E+00
-12.685  0.238E+00  0.489E-02  0.112E+00  0.121E+00
-12.665  0.234E+00  0.527E-02  0.105E+00  0.124E+00
-12.645  0.229E+00  0.566E-02  0.973E-01  0.126E+00
-12.625  0.223E+00  0.604E-02  0.894E-01  0.127E+00
-12.605  0.217E+00  0.641E-02  0.816E-01  0.128E+00
-12.585  0.210E+00  0.675E-02  0.742E-01  0.129E+00
-12.565  0.203E+00  0.704E-02  0.674E-01  0.128E+00
-12.545  0.195E+00  0.729E-02  0.612E-01  0.127E+00
-12.525  0.188E+00  0.747E-02  0.559E-01  0.124E+00
-12.505  0.180E+00  0.760E-02  0.515E-01  0.121E+00
-12.485  0.173E+00  0.766E-02  0.481E-01  0.118E+00
-12.465  0.167E+00  0.766E-02  0.456E-01  0.113E+00
-12.445  0.160E+00  0.761E-02  0.440E-01  0.109E+00
-12.425  0.155E+00  0.750E-02  0.432E-01  0.104E+00
-12.405  0.150E+00  0.735E-02  0.433E-01  0.991E-01
-12.385  0.146E+00  0.716E-02  0.441E-01  0.947E-01
-12.365  0.143E+00  0.694E-02  0.455E-01  0.907E-01
-12.345  0.142E+00  0.670E-02  0.475E-01  0.874E-01
-12.325  0.141E+00  0.644E-02  0.500E-01  0.850E-01
-12.305  0.142E+00  0.617E-02  0.529E-01  0.834E-01
-12.285  0.145E+00  0.590E-02  0.562E-01  0.827E-01
-12.265  0.148E+00  0.563E-02  0.598E-01  0.829E-01
-12.245  0.153E+00  0.535E-02  0.635E-01  0.840E-01
-12.225  0.158E+00  0.509E-02  0.673E-01  0.857E-01
-12.205  0.164E+00  0.482E-02  0.711E-01  0.880E-01
-12.185  0.170E+00  0.457E-02  0.748E-01  0.906E-01
-12.165  0.176E+00  0.433E-02  0.782E-01  0.933E-01
-12.145  0.181E+00  0.410E-02  0.814E-01  0.960E-01
-12.125  0.186E+00  0.388E-02  0.841E-01  0.983E-01
-12.105  0.190E+00  0.369E-02  0.863E-01  0.100E+00
-12.085  0.193E+00  0.351E-02  0.880E-01  0.102E+00
-12.065  0.195E+00  0.337E-02  0.891E-01  0.102E+00
-12.045  0.195E+00  0.327E-02  0.896E-01  0.102E+00
-12.025  0.195E+00  0.320E-02  0.896E-01  0.102E+00
-12.005  0.193E+00  0.318E-02  0.891E-01  0.101E+00
-11.985  0.190E+00  0.321E-02  0.882E-01  0.990E-01
-11.965  0.187E+00  0.330E-02  0.870E-01  0.971E-01
-11.945  0.184E+00  0.345E-02  0.855E-01  0.952E-01
-11.925  0.181E+00  0.365E-02  0.839E-01  0.934E-01
-11.905  0.178E+00  0.392E-02  0.823E-01  0.920E-01
-11.885  0.176E+00  0.424E-02  0.808E-01  0.910E-01
-11.865  0.175E+00  0.463E-02  0.795E-01  0.907E-01
-11.845  0.175E+00  0.507E-02  0.783E-01  0.912E-01
-11.825  0.175E+00  0.556E-02  0.773E-01  0.925E-01
-11.805  0.177E+00  0.610E-02  0.766E-01  0.946E-01
-11.785  0.180E+00  0.667E-02  0.761E-01  0.977E-01
-11.765  0.185E+00  0.728E-02  0.757E-01  0.102E+00
-11.745  0.190E+00  0.791E-02  0.755E-01  0.106E+00
-11.725  0.195E+00  0.856E-02  0.754E-01  0.111E+00
-11.705  0.202E+00  0.921E-02  0.753E-01  0.117E+00
-11.685  0.208E+00  0.986E-02  0.752E-01  0.123E+00
-11.665  0.215E+00  0.105E-01  0.750E-01  0.129E+00
-11.645  0.221E+00  0.111E-01  0.748E-01  0.135E+00
-11.625  0.227E+00  0.117E-01  0.744E-01  0.141E+00
-11.605  0.232E+00  0.122E-01  0.740E-01  0.146E+00
-11.585  0.237E+00  0.127E-01  0.734E-01  0.151E+00
-11.565  0.240E+00  0.131E-01  0.728E-01  0.155E+00
-11.545  0.243E+00  0.134E-01  0.721E-01  0.158E+00
-11.525  0.245E+00  0.136E-01  0.715E-01  0.160E+00
-11.505  0.245E+00  0.138E-01  0.708E-01  0.161E+00
-11.485  0.245E+00  0.139E-01  0.702E-01  0.161E+00
-11.465  0.243E+00  0.139E-01  0.698E-01  0.159E+00
-11.445  0.241E+00  0.139E-01  0.695E-01  0.157E+00
-11.425  0.237E+00  0.137E-01  0.694E-01  0.154E+00
-11.405  0.234E+00  0.136E-01  0.695E-01  0.151E+00
-11.385  0.229E+00  0.133E-01  0.699E-01  0.146E+00
-11.365  0.225E+00  0.131E-01  0.706E-01  0.141E+00
-11.345  0.220E+00  0.128E-01  0.715E-01  0.136E+00
-11.325  0.216E+00  0.125E-01  0.727E-01  0.131E+00
-11.305  0.212E+00  0.122E-01  0.740E-01  0.125E+00
-11.285  0.208E+00  0.119E-01  0.755E-01  0.120E+00
-11.265  0.204E+00  0.115E-01  0.771E-01  0.115E+00
-11.245  0.200E+00  0.112E-01  0.787E-01  0.110E+00
-11.225  0.197E+00  0.109E-01  0.802E-01  0.106E+00
-11.205  0.194E+00  0.106E-01  0.815E-01  0.102E+00
-11.185  0.191E+00  0.102E-01  0.825E-01  0.985E-01
-11.165  0.188E+00  0.985E-02  0.831E-01  0.952E-01
-11.145  0.185E+00  0.945E-02  0.833E-01  0.921E-01
-11.125  0.181E+00  0.902E-02  0.830E-01  0.891E-01
-11.105  0.177E+00  0.856E-02  0.822E-01  0.862E-01
-11.085  0.172E+00  0.807E-02  0.808E-01  0.833E-01
-11.065  0.167E+00  0.755E-02  0.789E-01  0.804E-01
-11.045  0.161E+00  0.702E-02  0.765E-01  0.775E-01
-11.025  0.155E+00  0.648E-02  0.737E-01  0.746E-01
-11.005  0.148E+00  0.596E-02  0.705E-01  0.717E-01
-10.985  0.142E+00  0.547E-02  0.671E-01  0.690E-01
-10.965  0.135E+00  0.503E-02  0.636E-01  0.664E-01
-10.945  0.129E+00  0.467E-02  0.602E-01  0.642E-01
-10.925  0.124E+00  0.440E-02  0.570E-01  0.624E-01
-10.905  0.120E+00  0.425E-02  0.542E-01  0.612E-01
-10.885  0.117E+00  0.423E-02  0.519E-01  0.607E-01
-10.865  0.116E+00  0.437E-02  0.505E-01  0.610E-01
-10.845  0.117E+00  0.468E-02  0.499E-01  0.622E-01
-10.825  0.120E+00  0.517E-02  0.505E-01  0.643E-01
-10.805  0.126E+00  0.585E-02  0.524E-01  0.674E-01
-10.785  0.134E+00  0.673E-02  0.558E-01  0.715E-01
-10.765  0.145E+00  0.780E-02  0.608E-01  0.764E-01
-10.745  0.159E+00  0.906E-02  0.674E-01  0.821E-01
-10.725  0.175E+00  0.105E-01  0.759E-01  0.886E-01
-10.705  0.194E+00  0.121E-01  0.863E-01  0.956E-01
-10.685  0.215E+00  0.139E-01  0.986E-01  0.103E+00
-10.665  0.239E+00  0.158E-01  0.113E+00  0.111E+00
-10.645  0.265E+00  0.177E-01  0.129E+00  0.118E+00
-10.625  0.292E+00  0.198E-01  0.146E+00  0.126E+00
-10.605  0.320E+00  0.218E-01  0.165E+00  0.133E+00
-10.585  0.349E+00  0.237E-01  0.186E+00  0.140E+00
-10.565  0.378E+00  0.256E-01  0.207E+00  0.146E+00
-10.545  0.406E+00  0.273E-01  0.228E+00  0.151E+00
-10.525  0.434E+00  0.288E-01  0.249E+00  0.156E+00
-10.505  0.459E+00  0.299E-01  0.270E+00  0.159E+00
-10.485  0.482E+00  0.308E-01  0.289E+00  0.162E+00
-10.465  0.503E+00  0.313E-01  0.307E+00  0.164E+00
-10.445  0.519E+00  0.314E-01  0.322E+00  0.165E+00
-10.425  0.532E+00  0.313E-01  0.335E+00  0.166E+00
-10.405  0.540E+00  0.309E-01  0.344E+00  0.165E+00
-10.385  0.545E+00  0.303E-01  0.350E+00  0.164E+00
-10.365  0.545E+00  0.298E-01  0.352E+00  0.163E+00
-10.345  0.540E+00  0.294E-01  0.349E+00  0.161E+00
-10.325  0.532E+00  0.295E-01  0.343E+00  0.160E+00
-10.305  0.521E+00  0.303E-01  0.333E+00  0.158E+00
-10.285  0.507E+00  0.321E-01  0.319E+00  0.156E+00
-10.265  0.491E+00  0.351E-01  0.302E+00  0.154E+00
-10.245  0.475E+00  0.397E-01  0.283E+00  0.152E+00
-10.225  0.458E+00  0.460E-01  0.261E+00  0.150E+00
-10.205  0.442E+00  0.543E-01  0.239E+00  0.149E+00
-10.185  0.427E+00  0.646E-01  0.215E+00  0.147E+00
-10.165  0.414E+00  0.770E-01  0.191E+00  0.146E+00
-10.145  0.404E+00  0.913E-01  0.168E+00  0.144E+00
-10.125  0.396E+00  0.107E+00  0.147E+00  0.142E+00
-10.105  0.392E+00  0.125E+00  0.126E+00  0.141E+00
-10.085  0.390E+00  0.144E+00  0.108E+00  0.139E+00
-10.065  0.391E+00  0.163E+00  0.920E-01  0.137E+00
-10.045  0.394E+00  0.182E+00  0.783E-01  0.134E+00
-10.025  0.399E+00  0.201E+00  0.670E-01  0.132E+00
-10.005  0.405E+00  0.218E+00  0.580E-01  0.129E+00
 -9.985  0.411E+00  0.234E+00  0.512E-01  0.126E+00
 -9.965  0.417E+00  0.247E+00  0.463E-01  0.123E+00
 -9.945  0.422E+00  0.258E+00  0.431E-01  0.121E+00
 -9.925  0.425E+00  0.266E+00  0.414E-01  0.118E+00
 -9.905  0.426E+00  0.271E+00  0.409E-01  0.115E+00
 -9.885  0.426E+00  0.272E+00  0.414E-01  0.112E+00
 -9.865  0.423E+00  0.271E+00  0.427E-01  0.110E+00
 -9.845  0.419E+00  0.267E+00  0.447E-01  0.108E+00
 -9.825  0.413E+00  0.260E+00  0.473E-01  0.105E+00
 -9.805  0.405E+00  0.252E+00  0.505E-01  0.103E+00
 -9.785  0.397E+00  0.242E+00  0.544E-01  0.101E+00
 -9.765  0.387E+00  0.230E+00  0.590E-01  0.982E-01
 -9.745  0.378E+00  0.218E+00  0.642E-01  0.956E-01
 -9.725  0.369E+00  0.206E+00  0.703E-01  0.928E-01
 -9.705  0.361E+00  0.194E+00  0.771E-01  0.898E-01
 -9.685  0.355E+00  0.183E+00  0.847E-01  0.866E-01
 -9.665  0.349E+00  0.173E+00  0.930E-01  0.832E-01
 -9.645  0.345E+00  0.163E+00  0.102E+00  0.796E-01
 -9.625  0.342E+00  0.155E+00  0.111E+00  0.759E-01
 -9.605  0.341E+00  0.148E+00  0.121E+00  0.722E-01
 -9.585  0.341E+00  0.142E+00  0.130E+00  0.686E-01
 -9.565  0.342E+00  0.138E+00  0.139E+00  0.653E-01
 -9.545  0.344E+00  0.134E+00  0.147E+00  0.623E-01
 -9.525  0.346E+00  0.131E+00  0.155E+00  0.597E-01
 -9.505  0.348E+00  0.130E+00  0.161E+00  0.578E-01
 -9.485  0.350E+00  0.129E+00  0.165E+00  0.564E-01
 -9.465  0.352E+00  0.128E+00  0.168E+00  0.558E-01
 -9.445  0.354E+00  0.129E+00  0.169E+00  0.559E-01
 -9.425  0.355E+00  0.130E+00  0.169E+00  0.567E-01
 -9.405  0.356E+00  0.131E+00  0.167E+00  0.582E-01
 -9.385  0.356E+00  0.133E+00  0.163E+00  0.603E-01
 -9.365  0.356E+00  0.135E+00  0.158E+00  0.630E-01
 -9.345  0.355E+00  0.138E+00  0.151E+00  0.661E-01
 -9.325  0.355E+00  0.141E+00  0.144E+00  0.695E-01
 -9.305  0.354E+00  0.145E+00  0.136E+00  0.731E-01
 -9.285  0.354E+00  0.149E+00  0.127E+00  0.768E-01
 -9.265  0.353E+00  0.154E+00  0.119E+00  0.804E-01
 -9.245  0.353E+00  0.159E+00  0.110E+00  0.837E-01
 -9.225  0.353E+00  0.164E+00  0.102E+00  0.867E-01
 -9.205  0.353E+00  0.169E+00  0.945E-01  0.892E-01
 -9.185  0.353E+00  0.175E+00  0.874E-01  0.912E-01
 -9.165  0.354E+00  0.180E+00  0.812E-01  0.925E-01
 -9.145  0.355E+00  0.186E+00  0.759E-01  0.932E-01
 -9.125  0.356E+00  0.191E+00  0.717E-01  0.931E-01
 -9.105  0.357E+00  0.196E+00  0.685E-01  0.924E-01
 -9.085  0.359E+00  0.201E+00  0.664E-01  0.910E-01
 -9.065  0.360E+00  0.206E+00  0.655E-01  0.890E-01
 -9.045  0.362E+00  0.210E+00  0.656E-01  0.864E-01
 -9.025  0.363E+00  0.213E+00  0.667E-01  0.833E-01
 -9.005  0.364E+00  0.216E+00  0.687E-01  0.799E-01
 -8.985  0.365E+00  0.217E+00  0.714E-01  0.761E-01
 -8.965  0.365E+00  0.219E+00  0.746E-01  0.722E-01
 -8.945  0.365E+00  0.219E+00  0.781E-01  0.682E-01
 -8.925  0.364E+00  0.218E+00  0.817E-01  0.642E-01
 -8.905  0.362E+00  0.217E+00  0.851E-01  0.603E-01
 -8.885  0.360E+00  0.215E+00  0.881E-01  0.566E-01
 -8.865  0.356E+00  0.212E+00  0.905E-01  0.531E-01
 -8.845  0.351E+00  0.209E+00  0.920E-01  0.500E-01
 -8.825  0.344E+00  0.205E+00  0.926E-01  0.471E-01
 -8.805  0.337E+00  0.200E+00  0.921E-01  0.446E-01
 -8.785  0.328E+00  0.195E+00  0.905E-01  0.425E-01
 -8.765  0.318E+00  0.190E+00  0.877E-01  0.406E-01
 -8.745  0.308E+00  0.184E+00  0.840E-01  0.391E-01
 -8.725  0.296E+00  0.179E+00  0.794E-01  0.378E-01
 -8.705  0.284E+00  0.173E+00  0.742E-01  0.368E-01
 -8.685  0.272E+00  0.168E+00  0.685E-01  0.359E-01
 -8.665  0.261E+00  0.163E+00  0.626E-01  0.351E-01
 -8.645  0.249E+00  0.158E+00  0.567E-01  0.344E-01
 -8.625  0.238E+00  0.153E+00  0.511E-01  0.336E-01
 -8.605  0.228E+00  0.149E+00  0.461E-01  0.329E-01
 -8.585  0.219E+00  0.145E+00  0.417E-01  0.320E-01
 -8.565  0.211E+00  0.142E+00  0.382E-01  0.311E-01
 -8.545  0.204E+00  0.138E+00  0.357E-01  0.301E-01
 -8.525  0.199E+00  0.135E+00  0.342E-01  0.291E-01
 -8.505  0.195E+00  0.133E+00  0.337E-01  0.281E-01
 -8.485  0.192E+00  0.131E+00  0.343E-01  0.272E-01
 -8.465  0.191E+00  0.129E+00  0.358E-01  0.264E-01
 -8.445  0.191E+00  0.127E+00  0.381E-01  0.258E-01
 -8.425  0.193E+00  0.126E+00  0.411E-01  0.255E-01
 -8.405  0.196E+00  0.125E+00  0.448E-01  0.256E-01
 -8.385  0.200E+00  0.125E+00  0.488E-01  0.262E-01
 -8.365  0.205E+00  0.125E+00  0.532E-01  0.273E-01
 -8.345  0.212E+00  0.125E+00  0.576E-01  0.291E-01
 -8.325  0.219E+00  0.125E+00  0.621E-01  0.314E-01
 -8.305  0.227E+00  0.126E+00  0.665E-01  0.343E-01
 -8.285  0.235E+00  0.127E+00  0.707E-01  0.378E-01
 -8.265  0.244E+00  0.128E+00  0.745E-01  0.418E-01
 -8.245  0.254E+00  0.129E+00  0.780E-01  0.462E-01
 -8.225  0.263E+00  0.131E+00  0.811E-01  0.510E-01
 -8.205  0.272E+00  0.132E+00  0.836E-01  0.559E-01
 -8.185  0.280E+00  0.134E+00  0.857E-01  0.609E-01
 -8.165  0.288E+00  0.135E+00  0.872E-01  0.658E-01
 -8.145  0.295E+00  0.137E+00  0.882E-01  0.705E-01
 -8.125  0.301E+00  0.138E+00  0.885E-01  0.748E-01
 -8.105  0.306E+00  0.139E+00  0.884E-01  0.787E-01
 -8.085  0.309E+00  0.139E+00  0.876E-01  0.821E-01
 -8.065  0.311E+00  0.140E+00  0.864E-01  0.849E-01
 -8.045  0.311E+00  0.139E+00  0.846E-01  0.871E-01
 -8.025  0.310E+00  0.139E+00  0.824E-01  0.886E-01
 -8.005  0.307E+00  0.138E+00  0.797E-01  0.895E-01
 -7.985  0.303E+00  0.137E+00  0.767E-01  0.898E-01
 -7.965  0.298E+00  0.135E+00  0.734E-01  0.896E-01
 -7.945  0.292E+00  0.134E+00  0.698E-01  0.890E-01
 -7.925  0.286E+00  0.132E+00  0.662E-01  0.880E-01
 -7.905  0.279E+00  0.129E+00  0.625E-01  0.868E-01
 -7.885  0.272E+00  0.127E+00  0.589E-01  0.855E-01
 -7.865  0.265E+00  0.125E+00  0.554E-01  0.842E-01
 -7.845  0.258E+00  0.123E+00  0.522E-01  0.831E-01
 -7.825  0.253E+00  0.121E+00  0.492E-01  0.823E-01
 -7.805  0.248E+00  0.120E+00  0.467E-01  0.819E-01
 -7.785  0.245E+00  0.119E+00  0.446E-01  0.822E-01
 -7.765  0.244E+00  0.118E+00  0.430E-01  0.834E-01
 -7.745  0.245E+00  0.117E+00  0.420E-01  0.856E-01
 -7.725  0.248E+00  0.117E+00  0.416E-01  0.891E-01
 -7.705  0.253E+00  0.118E+00  0.417E-01  0.940E-01
 -7.685  0.261E+00  0.118E+00  0.424E-01  0.101E+00
 -7.665  0.272E+00  0.119E+00  0.437E-01  0.109E+00
 -7.645  0.285E+00  0.120E+00  0.456E-01  0.120E+00
 -7.625  0.301E+00  0.120E+00  0.479E-01  0.133E+00
 -7.605  0.319E+00  0.121E+00  0.508E-01  0.147E+00
 -7.585  0.340E+00  0.121E+00  0.540E-01  0.165E+00
 -7.565  0.362E+00  0.121E+00  0.576E-01  0.184E+00
 -7.545  0.386E+00  0.120E+00  0.615E-01  0.204E+00
 -7.525  0.411E+00  0.119E+00  0.655E-01  0.227E+00
 -7.505  0.436E+00  0.117E+00  0.697E-01  0.250E+00
 -7.485  0.462E+00  0.115E+00  0.740E-01  0.273E+00
 -7.465  0.485E+00  0.111E+00  0.782E-01  0.296E+00
 -7.445  0.507E+00  0.108E+00  0.823E-01  0.318E+00
 -7.425  0.527E+00  0.103E+00  0.862E-01  0.337E+00
 -7.405  0.543E+00  0.983E-01  0.898E-01  0.354E+00
 -7.385  0.554E+00  0.931E-01  0.931E-01  0.368E+00
 -7.365  0.561E+00  0.877E-01  0.959E-01  0.378E+00
 -7.345  0.564E+00  0.823E-01  0.983E-01  0.383E+00
 -7.325  0.561E+00  0.770E-01  0.100E+00  0.384E+00
 -7.305  0.553E+00  0.721E-01  0.101E+00  0.380E+00
 -7.285  0.541E+00  0.678E-01  0.102E+00  0.371E+00
 -7.265  0.525E+00  0.644E-01  0.103E+00  0.358E+00
 -7.245  0.505E+00  0.620E-01  0.103E+00  0.340E+00
 -7.225  0.483E+00  0.609E-01  0.102E+00  0.319E+00
 -7.205  0.459E+00  0.614E-01  0.102E+00  0.296E+00
 -7.185  0.434E+00  0.636E-01  0.101E+00  0.270E+00
 -7.165  0.410E+00  0.676E-01  0.100E+00  0.243E+00
 -7.145  0.388E+00  0.734E-01  0.998E-01  0.215E+00
 -7.125  0.368E+00  0.812E-01  0.996E-01  0.187E+00
 -7.105  0.351E+00  0.908E-01  0.998E-01  0.160E+00
 -7.085  0.338E+00  0.102E+00  0.100E+00  0.135E+00
 -7.065  0.328E+00  0.115E+00  0.102E+00  0.112E+00
 -7.045  0.323E+00  0.129E+00  0.103E+00  0.904E-01
 -7.025  0.321E+00  0.144E+00  0.106E+00  0.716E-01
 -7.005  0.322E+00  0.159E+00  0.108E+00  0.552E-01
 -6.985  0.327E+00  0.174E+00  0.111E+00  0.413E-01
 -6.965  0.333E+00  0.189E+00  0.114E+00  0.298E-01
 -6.945  0.340E+00  0.203E+00  0.117E+00  0.206E-01
 -6.925  0.348E+00  0.215E+00  0.119E+00  0.134E-01
 -6.905  0.355E+00  0.226E+00  0.121E+00  0.800E-02
 -6.885  0.360E+00  0.235E+00  0.122E+00  0.413E-02
 -6.865  0.364E+00  0.241E+00  0.122E+00  0.154E-02
 -6.845  0.365E+00  0.245E+00  0.120E+00 -0.267E-04
 -6.825  0.364E+00  0.247E+00  0.118E+00 -0.785E-03
 -6.805  0.359E+00  0.246E+00  0.114E+00 -0.939E-03
 -6.785  0.352E+00  0.243E+00  0.109E+00 -0.660E-03
 -6.765  0.341E+00  0.238E+00  0.103E+00 -0.881E-04
 -6.745  0.328E+00  0.232E+00  0.956E-01  0.662E-03
 -6.725  0.313E+00  0.224E+00  0.874E-01  0.151E-02
 -6.705  0.297E+00  0.216E+00  0.787E-01  0.238E-02
 -6.685  0.280E+00  0.207E+00  0.696E-01  0.324E-02
 -6.665  0.262E+00  0.198E+00  0.603E-01  0.405E-02
 -6.645  0.245E+00  0.189E+00  0.511E-01  0.482E-02
 -6.625  0.229E+00  0.181E+00  0.423E-01  0.552E-02
 -6.605  0.214E+00  0.173E+00  0.340E-01  0.616E-02
 -6.585  0.201E+00  0.167E+00  0.265E-01  0.675E-02
 -6.565  0.190E+00  0.163E+00  0.197E-01  0.730E-02
 -6.545  0.181E+00  0.160E+00  0.138E-01  0.781E-02
 -6.525  0.175E+00  0.158E+00  0.879E-02  0.830E-02
 -6.505  0.172E+00  0.159E+00  0.472E-02  0.878E-02
 -6.485  0.172E+00  0.161E+00  0.150E-02  0.924E-02
 -6.465  0.173E+00  0.165E+00 -0.914E-03  0.969E-02
 -6.445  0.177E+00  0.170E+00 -0.262E-02  0.101E-01
 -6.425  0.183E+00  0.176E+00 -0.372E-02  0.106E-01
 -6.405  0.190E+00  0.183E+00 -0.432E-02  0.110E-01
 -6.385  0.198E+00  0.191E+00 -0.451E-02  0.114E-01
 -6.365  0.206E+00  0.199E+00 -0.439E-02  0.118E-01
 -6.345  0.215E+00  0.207E+00 -0.406E-02  0.121E-01
 -6.325  0.223E+00  0.214E+00 -0.358E-02  0.124E-01
 -6.305  0.230E+00  0.220E+00 -0.303E-02  0.126E-01
 -6.285  0.236E+00  0.225E+00 -0.244E-02  0.128E-01
 -6.265  0.240E+00  0.229E+00 -0.187E-02  0.129E-01
 -6.245  0.243E+00  0.231E+00 -0.133E-02  0.129E-01
 -6.225  0.244E+00  0.232E+00 -0.842E-03  0.129E-01
 -6.205  0.243E+00  0.231E+00 -0.419E-03  0.127E-01
 -6.185  0.241E+00  0.228E+00 -0.608E-04  0.126E-01
 -6.165  0.237E+00  0.225E+00  0.234E-03  0.124E-01
 -6.145  0.232E+00  0.220E+00  0.470E-03  0.121E-01
 -6.125  0.227E+00  0.214E+00  0.655E-03  0.119E-01
 -6.105  0.221E+00  0.209E+00  0.796E-03  0.116E-01
 -6.085  0.215E+00  0.203E+00  0.901E-03  0.114E-01
 -6.065  0.210E+00  0.197E+00  0.979E-03  0.112E-01
 -6.045  0.205E+00  0.193E+00  0.104E-02  0.111E-01
 -6.025  0.200E+00  0.188E+00  0.108E-02  0.110E-01
 -6.005  0.197E+00  0.185E+00  0.111E-02  0.110E-01
 -5.985  0.195E+00  0.183E+00  0.113E-02  0.110E-01
 -5.965  0.193E+00  0.181E+00  0.114E-02  0.111E-01
 -5.945  0.192E+00  0.180E+00  0.116E-02  0.112E-01
 -5.925  0.192E+00  0.180E+00  0.116E-02  0.113E-01
 -5.905  0.192E+00  0.180E+00  0.117E-02  0.115E-01
 -5.885  0.192E+00  0.180E+00  0.117E-02  0.116E-01
 -5.865  0.192E+00  0.179E+00  0.116E-02  0.117E-01
 -5.845  0.192E+00  0.179E+00  0.115E-02  0.118E-01
 -5.825  0.190E+00  0.177E+00  0.114E-02  0.118E-01
 -5.805  0.188E+00  0.175E+00  0.112E-02  0.117E-01
 -5.785  0.185E+00  0.172E+00  0.109E-02  0.116E-01
 -5.765  0.181E+00  0.168E+00  0.106E-02  0.113E-01
 -5.745  0.176E+00  0.164E+00  0.103E-02  0.110E-01
 -5.725  0.170E+00  0.158E+00  0.992E-03  0.106E-01
 -5.705  0.164E+00  0.153E+00  0.959E-03  0.102E-01
 -5.685  0.158E+00  0.147E+00  0.929E-03  0.967E-02
 -5.665  0.152E+00  0.142E+00  0.905E-03  0.915E-02
 -5.645  0.146E+00  0.137E+00  0.888E-03  0.863E-02
 -5.625  0.142E+00  0.133E+00  0.880E-03  0.813E-02
 -5.605  0.139E+00  0.130E+00  0.884E-03  0.768E-02
 -5.585  0.137E+00  0.128E+00  0.899E-03  0.729E-02
 -5.565  0.136E+00  0.128E+00  0.927E-03  0.698E-02
 -5.545  0.138E+00  0.130E+00  0.967E-03  0.676E-02
 -5.525  0.141E+00  0.133E+00  0.102E-02  0.664E-02
 -5.505  0.145E+00  0.137E+00  0.108E-02  0.661E-02
 -5.485  0.151E+00  0.143E+00  0.115E-02  0.668E-02
 -5.465  0.158E+00  0.150E+00  0.123E-02  0.684E-02
 -5.445  0.166E+00  0.157E+00  0.132E-02  0.707E-02
 -5.425  0.174E+00  0.165E+00  0.140E-02  0.735E-02
 -5.405  0.183E+00  0.174E+00  0.149E-02  0.768E-02
 -5.385  0.191E+00  0.182E+00  0.158E-02  0.802E-02
 -5.365  0.199E+00  0.189E+00  0.166E-02  0.837E-02
 -5.345  0.206E+00  0.196E+00  0.174E-02  0.871E-02
 -5.325  0.212E+00  0.201E+00  0.180E-02  0.902E-02
 -5.305  0.217E+00  0.206E+00  0.186E-02  0.928E-02
 -5.285  0.220E+00  0.209E+00  0.190E-02  0.950E-02
 -5.265  0.222E+00  0.210E+00  0.193E-02  0.967E-02
 -5.245  0.222E+00  0.210E+00  0.195E-02  0.978E-02
 -5.225  0.221E+00  0.209E+00  0.195E-02  0.984E-02
 -5.205  0.218E+00  0.206E+00  0.193E-02  0.985E-02
 -5.185  0.214E+00  0.202E+00  0.189E-02  0.983E-02
 -5.165  0.209E+00  0.197E+00  0.184E-02  0.979E-02
 -5.145  0.203E+00  0.192E+00  0.177E-02  0.974E-02
 -5.125  0.198E+00  0.186E+00  0.169E-02  0.970E-02
 -5.105  0.192E+00  0.180E+00  0.160E-02  0.968E-02
 -5.085  0.186E+00  0.175E+00  0.150E-02  0.969E-02
 -5.065  0.182E+00  0.171E+00  0.140E-02  0.975E-02
 -5.045  0.178E+00  0.167E+00  0.130E-02  0.986E-02
 -5.025  0.176E+00  0.165E+00  0.120E-02  0.100E-01
 -5.005  0.175E+00  0.164E+00  0.112E-02  0.103E-01
 -4.985  0.176E+00  0.164E+00  0.104E-02  0.106E-01
 -4.965  0.178E+00  0.166E+00  0.981E-03  0.109E-01
 -4.945  0.181E+00  0.169E+00  0.939E-03  0.113E-01
 -4.925  0.186E+00  0.173E+00  0.916E-03  0.117E-01
 -4.905  0.191E+00  0.178E+00  0.913E-03  0.121E-01
 -4.885  0.197E+00  0.183E+00  0.928E-03  0.125E-01
 -4.865  0.202E+00  0.189E+00  0.960E-03  0.128E-01
 -4.845  0.208E+00  0.193E+00  0.101E-02  0.130E-01
 -4.825  0.212E+00  0.197E+00  0.106E-02  0.132E-01
 -4.805  0.214E+00  0.200E+00  0.112E-02  0.132E-01
 -4.785  0.215E+00  0.201E+00  0.118E-02  0.131E-01
 -4.765  0.213E+00  0.199E+00  0.124E-02  0.128E-01
 -4.745  0.210E+00  0.196E+00  0.129E-02  0.125E-01
 -4.725  0.203E+00  0.190E+00  0.132E-02  0.119E-01
 -4.705  0.194E+00  0.182E+00  0.134E-02  0.112E-01
 -4.685  0.183E+00  0.172E+00  0.134E-02  0.105E-01
 -4.665  0.170E+00  0.159E+00  0.132E-02  0.958E-02
 -4.645  0.156E+00  0.146E+00  0.128E-02  0.862E-02
 -4.625  0.140E+00  0.131E+00  0.122E-02  0.762E-02
 -4.605  0.123E+00  0.115E+00  0.114E-02  0.661E-02
 -4.585  0.106E+00  0.994E-01  0.105E-02  0.560E-02
 -4.565  0.893E-01  0.837E-01  0.948E-03  0.463E-02
 -4.545  0.732E-01  0.687E-01  0.839E-03  0.371E-02
 -4.525  0.582E-01  0.546E-01  0.727E-03  0.287E-02
 -4.505  0.444E-01  0.417E-01  0.614E-03  0.212E-02
 -4.485  0.322E-01  0.302E-01  0.505E-03  0.146E-02
 -4.465  0.216E-01  0.203E-01  0.402E-03  0.905E-03
 -4.445  0.127E-01  0.120E-01  0.308E-03  0.448E-03
 -4.425  0.548E-02  0.517E-02  0.224E-03  0.847E-04
 -4.405 -0.183E-03 -0.143E-03  0.150E-03 -0.191E-03
 -4.385 -0.441E-02 -0.411E-02  0.890E-04 -0.388E-03
 -4.365 -0.736E-02 -0.689E-02  0.391E-04 -0.517E-03
 -4.345 -0.923E-02 -0.864E-02 -0.764E-08 -0.591E-03
 -4.325 -0.102E-01 -0.957E-02 -0.291E-04 -0.620E-03
 -4.305 -0.105E-01 -0.983E-02 -0.494E-04 -0.614E-03
 -4.285 -0.102E-01 -0.959E-02 -0.622E-04 -0.583E-03
 -4.265 -0.961E-02 -0.901E-02 -0.689E-04 -0.536E-03
 -4.245 -0.875E-02 -0.820E-02 -0.707E-04 -0.480E-03
 -4.225 -0.776E-02 -0.727E-02 -0.689E-04 -0.419E-03
 -4.205 -0.672E-02 -0.630E-02 -0.646E-04 -0.358E-03
 -4.185 -0.570E-02 -0.534E-02 -0.587E-04 -0.300E-03
 -4.165 -0.475E-02 -0.445E-02 -0.519E-04 -0.247E-03
 -4.145 -0.389E-02 -0.364E-02 -0.449E-04 -0.200E-03
 -4.125 -0.313E-02 -0.293E-02 -0.380E-04 -0.159E-03
 -4.105 -0.248E-02 -0.232E-02 -0.315E-04 -0.125E-03
 -4.085 -0.193E-02 -0.181E-02 -0.257E-04 -0.968E-04
 -4.065 -0.149E-02 -0.139E-02 -0.206E-04 -0.738E-04
 -4.045 -0.113E-02 -0.106E-02 -0.163E-04 -0.555E-04
 -4.025 -0.844E-03 -0.790E-03 -0.126E-04 -0.412E-04
 -4.005 -0.623E-03 -0.583E-03 -0.969E-05 -0.302E-04
 -3.985 -0.454E-03 -0.425E-03 -0.732E-05 -0.218E-04
 -3.965 -0.326E-03 -0.305E-03 -0.545E-05 -0.156E-04
 -3.945 -0.232E-03 -0.217E-03 -0.400E-05 -0.110E-04
 -3.925 -0.163E-03 -0.152E-03 -0.290E-05 -0.765E-05
 -3.905 -0.113E-03 -0.105E-03 -0.208E-05 -0.527E-05
 -3.885 -0.772E-04 -0.722E-04 -0.147E-05 -0.358E-05
 -3.865 -0.523E-04 -0.488E-04 -0.102E-05 -0.241E-05
 -3.845 -0.350E-04 -0.327E-04 -0.706E-06 -0.160E-05
 -3.825 -0.232E-04 -0.217E-04 -0.480E-06 -0.105E-05
 -3.805 -0.154E-04 -0.144E-04 -0.323E-06 -0.686E-06
 -3.785 -0.102E-04 -0.957E-05 -0.215E-06 -0.446E-06
 -3.765 -0.703E-05 -0.660E-05 -0.141E-06 -0.292E-06
 -3.745 -0.524E-05 -0.495E-05 -0.918E-07 -0.199E-06
 -3.725 -0.454E-05 -0.433E-05 -0.594E-07 -0.147E-06
 -3.705 -0.477E-05 -0.461E-05 -0.385E-07 -0.128E-06
 -3.685 -0.595E-05 -0.579E-05 -0.255E-07 -0.136E-06
 -3.665 -0.821E-05 -0.802E-05 -0.180E-07 -0.169E-06
 -3.645 -0.118E-04 -0.116E-04 -0.142E-07 -0.233E-06
 -3.625 -0.172E-04 -0.169E-04 -0.134E-07 -0.332E-06
 -3.605 -0.251E-04 -0.246E-04 -0.151E-07 -0.479E-06
 -3.585 -0.361E-04 -0.354E-04 -0.191E-07 -0.688E-06
 -3.565 -0.515E-04 -0.505E-04 -0.256E-07 -0.979E-06
 -3.545 -0.725E-04 -0.711E-04 -0.352E-07 -0.138E-05
 -3.525 -0.101E-03 -0.987E-04 -0.484E-07 -0.191E-05
 -3.505 -0.138E-03 -0.135E-03 -0.660E-07 -0.262E-05
 -3.485 -0.186E-03 -0.183E-03 -0.891E-07 -0.354E-05
 -3.465 -0.248E-03 -0.243E-03 -0.119E-06 -0.471E-05
 -3.445 -0.325E-03 -0.319E-03 -0.155E-06 -0.618E-05
 -3.425 -0.420E-03 -0.412E-03 -0.201E-06 -0.798E-05
 -3.405 -0.535E-03 -0.524E-03 -0.255E-06 -0.101E-04
 -3.385 -0.668E-03 -0.655E-03 -0.320E-06 -0.127E-04
 -3.365 -0.821E-03 -0.805E-03 -0.393E-06 -0.156E-04
 -3.345 -0.990E-03 -0.971E-03 -0.474E-06 -0.188E-04
 -3.325 -0.117E-02 -0.115E-02 -0.560E-06 -0.222E-04
 -3.305 -0.135E-02 -0.133E-02 -0.647E-06 -0.256E-04
 -3.285 -0.152E-02 -0.149E-02 -0.729E-06 -0.289E-04
 -3.265 -0.167E-02 -0.164E-02 -0.799E-06 -0.316E-04
 -3.245 -0.176E-02 -0.173E-02 -0.845E-06 -0.334E-04
 -3.225 -0.178E-02 -0.175E-02 -0.856E-06 -0.338E-04
 -3.205 -0.170E-02 -0.167E-02 -0.817E-06 -0.322E-04
 -3.185 -0.148E-02 -0.145E-02 -0.711E-06 -0.280E-04
 -3.165 -0.108E-02 -0.106E-02 -0.521E-06 -0.204E-04
 -3.145 -0.471E-03 -0.462E-03 -0.231E-06 -0.885E-05
 -3.125  0.382E-03  0.374E-03  0.176E-06  0.733E-05
 -3.105  0.151E-02  0.148E-02  0.714E-06  0.287E-04
 -3.085  0.293E-02  0.287E-02  0.139E-05  0.556E-04
 -3.065  0.465E-02  0.456E-02  0.222E-05  0.882E-04
 -3.045  0.667E-02  0.654E-02  0.318E-05  0.127E-03
 -3.025  0.897E-02  0.879E-02  0.428E-05  0.170E-03
 -3.005  0.115E-01  0.113E-01  0.550E-05  0.218E-03
 -2.985  0.142E-01  0.139E-01  0.680E-05  0.269E-03
 -2.965  0.171E-01  0.167E-01  0.816E-05  0.323E-03
 -2.945  0.199E-01  0.195E-01  0.954E-05  0.377E-03
 -2.925  0.227E-01  0.223E-01  0.109E-04  0.429E-03
 -2.905  0.253E-01  0.248E-01  0.121E-04  0.478E-03
 -2.885  0.277E-01  0.271E-01  0.133E-04  0.521E-03
 -2.865  0.296E-01  0.290E-01  0.142E-04  0.557E-03
 -2.845  0.311E-01  0.305E-01  0.149E-04  0.583E-03
 -2.825  0.321E-01  0.315E-01  0.154E-04  0.598E-03
 -2.805  0.325E-01  0.318E-01  0.156E-04  0.602E-03
 -2.785  0.322E-01  0.316E-01  0.155E-04  0.592E-03
 -2.765  0.314E-01  0.308E-01  0.152E-04  0.570E-03
 -2.745  0.300E-01  0.294E-01  0.145E-04  0.534E-03
 -2.725  0.281E-01  0.276E-01  0.136E-04  0.486E-03
 -2.705  0.257E-01  0.252E-01  0.125E-04  0.426E-03
 -2.685  0.229E-01  0.225E-01  0.113E-04  0.355E-03
 -2.665  0.198E-01  0.196E-01  0.987E-05  0.276E-03
 -2.645  0.166E-01  0.164E-01  0.839E-05  0.189E-03
 -2.625  0.133E-01  0.132E-01  0.687E-05  0.954E-04
 -2.605  0.996E-02  0.995E-02  0.534E-05 -0.161E-05
 -2.585  0.674E-02  0.683E-02  0.384E-05 -0.100E-03
 -2.565  0.369E-02  0.388E-02  0.240E-05 -0.198E-03
 -2.545  0.884E-03  0.118E-02  0.102E-05 -0.292E-03
 -2.525 -0.161E-02 -0.123E-02 -0.291E-06 -0.378E-03
 -2.505 -0.373E-02 -0.328E-02 -0.153E-05 -0.453E-03
 -2.485 -0.543E-02 -0.492E-02 -0.273E-05 -0.510E-03
 -2.465 -0.664E-02 -0.609E-02 -0.389E-05 -0.545E-03
 -2.445 -0.731E-02 -0.675E-02 -0.504E-05 -0.549E-03
 -2.425 -0.736E-02 -0.684E-02 -0.622E-05 -0.517E-03
 -2.405 -0.674E-02 -0.630E-02 -0.745E-05 -0.438E-03
 -2.385 -0.537E-02 -0.506E-02 -0.877E-05 -0.306E-03
 -2.365 -0.319E-02 -0.307E-02 -0.102E-04 -0.113E-03
 -2.345 -0.123E-03 -0.261E-03 -0.117E-04  0.150E-03
 -2.325  0.388E-02  0.340E-02 -0.134E-04  0.488E-03
 -2.305  0.886E-02  0.797E-02 -0.151E-04  0.905E-03
 -2.285  0.148E-01  0.134E-01 -0.169E-04  0.140E-02
 -2.265  0.218E-01  0.198E-01 -0.186E-04  0.198E-02
 -2.245  0.297E-01  0.271E-01 -0.200E-04  0.264E-02
 -2.225  0.385E-01  0.351E-01 -0.211E-04  0.337E-02
 -2.205  0.481E-01  0.439E-01 -0.215E-04  0.416E-02
 -2.185  0.583E-01  0.533E-01 -0.209E-04  0.500E-02
 -2.165  0.690E-01  0.632E-01 -0.190E-04  0.588E-02
 -2.145  0.801E-01  0.734E-01 -0.152E-04  0.678E-02
 -2.125  0.914E-01  0.837E-01 -0.901E-05  0.768E-02
 -2.105  0.103E+00  0.941E-01  0.454E-07  0.857E-02
 -2.085  0.114E+00  0.104E+00  0.125E-04  0.944E-02
 -2.065  0.124E+00  0.114E+00  0.290E-04  0.103E-01
 -2.045  0.134E+00  0.123E+00  0.500E-04  0.110E-01
 -2.025  0.144E+00  0.132E+00  0.757E-04  0.117E-01
 -2.005  0.153E+00  0.140E+00  0.107E-03  0.124E-01
 -1.985  0.160E+00  0.147E+00  0.143E-03  0.129E-01
 -1.965  0.167E+00  0.154E+00  0.183E-03  0.134E-01
 -1.945  0.173E+00  0.159E+00  0.229E-03  0.138E-01
 -1.925  0.177E+00  0.163E+00  0.278E-03  0.141E-01
 -1.905  0.181E+00  0.166E+00  0.330E-03  0.143E-01
 -1.885  0.183E+00  0.168E+00  0.385E-03  0.145E-01
 -1.865  0.184E+00  0.169E+00  0.439E-03  0.146E-01
 -1.845  0.184E+00  0.169E+00  0.493E-03  0.146E-01
 -1.825  0.183E+00  0.168E+00  0.544E-03  0.145E-01
 -1.805  0.181E+00  0.166E+00  0.592E-03  0.144E-01
 -1.785  0.178E+00  0.163E+00  0.635E-03  0.142E-01
 -1.765  0.173E+00  0.159E+00  0.672E-03  0.139E-01
 -1.745  0.169E+00  0.154E+00  0.704E-03  0.136E-01
 -1.725  0.163E+00  0.149E+00  0.729E-03  0.133E-01
 -1.705  0.157E+00  0.144E+00  0.749E-03  0.129E-01
 -1.685  0.151E+00  0.138E+00  0.765E-03  0.125E-01
 -1.665  0.145E+00  0.132E+00  0.777E-03  0.121E-01
 -1.645  0.139E+00  0.127E+00  0.787E-03  0.117E-01
 -1.625  0.134E+00  0.122E+00  0.798E-03  0.113E-01
 -1.605  0.130E+00  0.118E+00  0.811E-03  0.109E-01
 -1.585  0.126E+00  0.114E+00  0.828E-03  0.105E-01
 -1.565  0.123E+00  0.112E+00  0.851E-03  0.102E-01
 -1.545  0.121E+00  0.110E+00  0.881E-03  0.989E-02
 -1.525  0.120E+00  0.109E+00  0.918E-03  0.964E-02
 -1.505  0.119E+00  0.109E+00  0.964E-03  0.944E-02
 -1.485  0.120E+00  0.110E+00  0.102E-02  0.927E-02
 -1.465  0.121E+00  0.111E+00  0.107E-02  0.914E-02
 -1.445  0.123E+00  0.113E+00  0.114E-02  0.903E-02
 -1.425  0.125E+00  0.115E+00  0.120E-02  0.895E-02
 -1.405  0.127E+00  0.116E+00  0.127E-02  0.887E-02
 -1.385  0.128E+00  0.118E+00  0.133E-02  0.880E-02
 -1.365  0.130E+00  0.120E+00  0.138E-02  0.873E-02
 -1.345  0.131E+00  0.121E+00  0.143E-02  0.866E-02
 -1.325  0.131E+00  0.121E+00  0.146E-02  0.858E-02
 -1.305  0.131E+00  0.121E+00  0.149E-02  0.850E-02
 -1.285  0.131E+00  0.121E+00  0.150E-02  0.842E-02
 -1.265  0.130E+00  0.120E+00  0.150E-02  0.834E-02
 -1.245  0.128E+00  0.119E+00  0.149E-02  0.826E-02
 -1.225  0.127E+00  0.117E+00  0.147E-02  0.821E-02
 -1.205  0.125E+00  0.115E+00  0.143E-02  0.817E-02
 -1.185  0.123E+00  0.114E+00  0.139E-02  0.817E-02
 -1.165  0.122E+00  0.112E+00  0.135E-02  0.820E-02
 -1.145  0.121E+00  0.111E+00  0.130E-02  0.826E-02
 -1.125  0.120E+00  0.111E+00  0.125E-02  0.837E-02
 -1.105  0.120E+00  0.110E+00  0.120E-02  0.851E-02
 -1.085  0.120E+00  0.111E+00  0.116E-02  0.870E-02
 -1.065  0.121E+00  0.111E+00  0.112E-02  0.891E-02
 -1.045  0.123E+00  0.113E+00  0.109E-02  0.916E-02
 -1.025  0.125E+00  0.114E+00  0.107E-02  0.942E-02
 -1.005  0.127E+00  0.117E+00  0.107E-02  0.971E-02
 -0.985  0.130E+00  0.119E+00  0.107E-02  0.999E-02
 -0.965  0.134E+00  0.122E+00  0.109E-02  0.103E-01
 -0.945  0.137E+00  0.126E+00  0.113E-02  0.106E-01
 -0.925  0.141E+00  0.129E+00  0.118E-02  0.108E-01
 -0.905  0.145E+00  0.132E+00  0.124E-02  0.111E-01
 -0.885  0.148E+00  0.136E+00  0.132E-02  0.113E-01
 -0.865  0.152E+00  0.139E+00  0.142E-02  0.115E-01
 -0.845  0.156E+00  0.143E+00  0.152E-02  0.117E-01
 -0.825  0.159E+00  0.146E+00  0.164E-02  0.118E-01
 -0.805  0.163E+00  0.149E+00  0.177E-02  0.119E-01
 -0.785  0.166E+00  0.152E+00  0.191E-02  0.120E-01
 -0.765  0.169E+00  0.155E+00  0.206E-02  0.120E-01
 -0.745  0.172E+00  0.157E+00  0.220E-02  0.121E-01
 -0.725  0.174E+00  0.160E+00  0.235E-02  0.121E-01
 -0.705  0.176E+00  0.162E+00  0.249E-02  0.120E-01
 -0.685  0.178E+00  0.164E+00  0.262E-02  0.120E-01
 -0.665  0.180E+00  0.165E+00  0.274E-02  0.119E-01
 -0.645  0.181E+00  0.166E+00  0.285E-02  0.118E-01
 -0.625  0.182E+00  0.167E+00  0.293E-02  0.117E-01
 -0.605  0.182E+00  0.168E+00  0.299E-02  0.116E-01
 -0.585  0.182E+00  0.168E+00  0.303E-02  0.115E-01
 -0.565  0.182E+00  0.168E+00  0.304E-02  0.113E-01
 -0.545  0.181E+00  0.167E+00  0.302E-02  0.111E-01
 -0.525  0.179E+00  0.165E+00  0.299E-02  0.110E-01
 -0.505  0.177E+00  0.164E+00  0.293E-02  0.108E-01
 -0.485  0.175E+00  0.161E+00  0.287E-02  0.105E-01
 -0.465  0.172E+00  0.158E+00  0.279E-02  0.103E-01
 -0.445  0.168E+00  0.155E+00  0.272E-02  0.101E-01
 -0.425  0.164E+00  0.152E+00  0.265E-02  0.990E-02
 -0.405  0.160E+00  0.147E+00  0.260E-02  0.970E-02
 -0.385  0.155E+00  0.143E+00  0.258E-02  0.952E-02
 -0.365  0.151E+00  0.139E+00  0.260E-02  0.937E-02
 -0.345  0.146E+00  0.134E+00  0.267E-02  0.925E-02
 -0.325  0.141E+00  0.129E+00  0.279E-02  0.917E-02
 -0.305  0.137E+00  0.125E+00  0.297E-02  0.913E-02
 -0.285  0.133E+00  0.120E+00  0.322E-02  0.914E-02
 -0.265  0.129E+00  0.116E+00  0.353E-02  0.919E-02
 -0.245  0.126E+00  0.113E+00  0.390E-02  0.930E-02
 -0.225  0.124E+00  0.110E+00  0.433E-02  0.946E-02
 -0.205  0.122E+00  0.108E+00  0.481E-02  0.968E-02
 -0.185  0.121E+00  0.106E+00  0.533E-02  0.993E-02
 -0.165  0.121E+00  0.105E+00  0.589E-02  0.102E-01
 -0.145  0.122E+00  0.105E+00  0.647E-02  0.106E-01
 -0.125  0.123E+00  0.105E+00  0.706E-02  0.110E-01
 -0.105  0.126E+00  0.107E+00  0.766E-02  0.114E-01
 -0.085  0.129E+00  0.109E+00  0.826E-02  0.119E-01
 -0.065  0.133E+00  0.111E+00  0.884E-02  0.124E-01
 -0.045  0.137E+00  0.114E+00  0.941E-02  0.130E-01
 -0.025  0.141E+00  0.118E+00  0.997E-02  0.136E-01
 -0.005  0.146E+00  0.121E+00  0.105E-01  0.142E-01
  0.015  0.151E+00  0.125E+00  0.110E-01  0.148E-01
  0.035  0.155E+00  0.128E+00  0.116E-01  0.155E-01
  0.055  0.160E+00  0.132E+00  0.121E-01  0.162E-01
  0.075  0.164E+00  0.134E+00  0.126E-01  0.168E-01
  0.095  0.168E+00  0.137E+00  0.131E-01  0.175E-01
  0.115  0.171E+00  0.139E+00  0.136E-01  0.180E-01
  0.135  0.174E+00  0.141E+00  0.141E-01  0.186E-01
  0.155  0.176E+00  0.143E+00  0.146E-01  0.191E-01
  0.175  0.179E+00  0.145E+00  0.150E-01  0.195E-01
  0.195  0.182E+00  0.147E+00  0.155E-01  0.197E-01
  0.215  0.185E+00  0.149E+00  0.159E-01  0.199E-01
  0.235  0.189E+00  0.153E+00  0.162E-01  0.200E-01
  0.255  0.194E+00  0.157E+00  0.165E-01  0.200E-01
  0.275  0.199E+00  0.163E+00  0.166E-01  0.198E-01
  0.295  0.207E+00  0.170E+00  0.167E-01  0.196E-01
  0.315  0.215E+00  0.179E+00  0.168E-01  0.193E-01
  0.335  0.225E+00  0.190E+00  0.167E-01  0.189E-01
  0.355  0.236E+00  0.201E+00  0.165E-01  0.184E-01
  0.375  0.248E+00  0.214E+00  0.162E-01  0.179E-01
  0.395  0.261E+00  0.228E+00  0.158E-01  0.173E-01
  0.415  0.274E+00  0.242E+00  0.154E-01  0.167E-01
  0.435  0.286E+00  0.255E+00  0.148E-01  0.161E-01
  0.455  0.297E+00  0.267E+00  0.142E-01  0.155E-01
  0.475  0.306E+00  0.278E+00  0.135E-01  0.148E-01
  0.495  0.313E+00  0.286E+00  0.128E-01  0.142E-01
  0.515  0.317E+00  0.292E+00  0.120E-01  0.135E-01
  0.535  0.318E+00  0.294E+00  0.112E-01  0.129E-01
  0.555  0.316E+00  0.293E+00  0.103E-01  0.122E-01
  0.575  0.309E+00  0.288E+00  0.943E-02  0.114E-01
  0.595  0.299E+00  0.280E+00  0.853E-02  0.107E-01
  0.615  0.285E+00  0.267E+00  0.764E-02  0.990E-02
  0.635  0.268E+00  0.252E+00  0.675E-02  0.909E-02
  0.655  0.248E+00  0.234E+00  0.589E-02  0.827E-02
  0.675  0.226E+00  0.214E+00  0.505E-02  0.744E-02
  0.695  0.203E+00  0.192E+00  0.425E-02  0.660E-02
  0.715  0.179E+00  0.169E+00  0.350E-02  0.577E-02
  0.735  0.154E+00  0.146E+00  0.281E-02  0.496E-02
  0.755  0.130E+00  0.124E+00  0.218E-02  0.418E-02
  0.775  0.107E+00  0.102E+00  0.162E-02  0.344E-02
  0.795  0.857E-01  0.818E-01  0.113E-02  0.276E-02
  0.815  0.662E-01  0.633E-01  0.719E-03  0.214E-02
  0.835  0.488E-01  0.468E-01  0.374E-03  0.158E-02
  0.855  0.337E-01  0.325E-01  0.970E-04  0.110E-02
  0.875  0.209E-01  0.203E-01 -0.118E-03  0.690E-03
  0.895  0.105E-01  0.104E-01 -0.276E-03  0.350E-03
  0.915  0.221E-02  0.252E-02 -0.384E-03  0.774E-04
  0.935 -0.404E-02 -0.346E-02 -0.451E-03 -0.133E-03
  0.955 -0.852E-02 -0.775E-02 -0.483E-03 -0.286E-03
  0.975 -0.115E-01 -0.106E-01 -0.487E-03 -0.391E-03
  0.995 -0.132E-01 -0.123E-01 -0.471E-03 -0.454E-03
  1.015 -0.139E-01 -0.130E-01 -0.440E-03 -0.483E-03
  1.035 -0.138E-01 -0.129E-01 -0.401E-03 -0.485E-03
  1.055 -0.132E-01 -0.123E-01 -0.356E-03 -0.467E-03
  1.075 -0.121E-01 -0.114E-01 -0.309E-03 -0.436E-03
  1.095 -0.109E-01 -0.102E-01 -0.263E-03 -0.396E-03
  1.115 -0.957E-02 -0.900E-02 -0.221E-03 -0.351E-03
  1.135 -0.822E-02 -0.774E-02 -0.182E-03 -0.305E-03
  1.155 -0.693E-02 -0.653E-02 -0.147E-03 -0.260E-03
  1.175 -0.575E-02 -0.541E-02 -0.117E-03 -0.217E-03
  1.195 -0.468E-02 -0.441E-02 -0.925E-04 -0.179E-03
  1.215 -0.376E-02 -0.354E-02 -0.717E-04 -0.145E-03
  1.235 -0.297E-02 -0.280E-02 -0.549E-04 -0.116E-03
  1.255 -0.232E-02 -0.219E-02 -0.415E-04 -0.913E-04
  1.275 -0.178E-02 -0.168E-02 -0.309E-04 -0.709E-04
  1.295 -0.135E-02 -0.128E-02 -0.228E-04 -0.544E-04
  1.315 -0.101E-02 -0.957E-03 -0.166E-04 -0.411E-04
  1.335 -0.750E-03 -0.708E-03 -0.119E-04 -0.307E-04
  1.355 -0.548E-03 -0.517E-03 -0.844E-05 -0.226E-04
  1.375 -0.396E-03 -0.373E-03 -0.592E-05 -0.165E-04
  1.395 -0.282E-03 -0.266E-03 -0.410E-05 -0.118E-04
  1.415 -0.199E-03 -0.187E-03 -0.281E-05 -0.842E-05
  1.435 -0.138E-03 -0.130E-03 -0.190E-05 -0.591E-05
  1.455 -0.951E-04 -0.898E-04 -0.127E-05 -0.410E-05
  1.475 -0.647E-04 -0.610E-04 -0.843E-06 -0.281E-05
  1.495 -0.435E-04 -0.410E-04 -0.552E-06 -0.190E-05
  1.515 -0.289E-04 -0.273E-04 -0.357E-06 -0.127E-05
  1.535 -0.190E-04 -0.179E-04 -0.229E-06 -0.844E-06
