# E (eV)   ldos(E)   pdos(E)    pdos(E)    pdos(E)   
-22.880 -0.874E-05 -0.221E-08 -0.817E-05 -0.571E-06
-22.860 -0.129E-04 -0.333E-08 -0.121E-04 -0.853E-06
-22.840 -0.189E-04 -0.496E-08 -0.176E-04 -0.126E-05
-22.820 -0.272E-04 -0.729E-08 -0.254E-04 -0.183E-05
-22.800 -0.388E-04 -0.106E-07 -0.361E-04 -0.264E-05
-22.780 -0.545E-04 -0.153E-07 -0.508E-04 -0.375E-05
-22.760 -0.756E-04 -0.217E-07 -0.704E-04 -0.526E-05
-22.740 -0.104E-03 -0.304E-07 -0.962E-04 -0.729E-05
-22.720 -0.140E-03 -0.422E-07 -0.130E-03 -0.997E-05
-22.700 -0.186E-03 -0.577E-07 -0.173E-03 -0.135E-04
-22.680 -0.244E-03 -0.781E-07 -0.227E-03 -0.179E-04
-22.660 -0.316E-03 -0.104E-06 -0.293E-03 -0.235E-04
-22.640 -0.403E-03 -0.138E-06 -0.372E-03 -0.304E-04
-22.620 -0.505E-03 -0.180E-06 -0.466E-03 -0.387E-04
-22.600 -0.623E-03 -0.232E-06 -0.574E-03 -0.486E-04
-22.580 -0.755E-03 -0.295E-06 -0.694E-03 -0.600E-04
-22.560 -0.897E-03 -0.370E-06 -0.824E-03 -0.729E-04
-22.540 -0.104E-02 -0.458E-06 -0.957E-03 -0.870E-04
-22.520 -0.119E-02 -0.561E-06 -0.109E-02 -0.102E-03
-22.500 -0.132E-02 -0.677E-06 -0.120E-02 -0.117E-03
-22.480 -0.142E-02 -0.807E-06 -0.129E-02 -0.131E-03
-22.460 -0.147E-02 -0.947E-06 -0.133E-02 -0.142E-03
-22.440 -0.146E-02 -0.110E-05 -0.131E-02 -0.150E-03
-22.420 -0.135E-02 -0.125E-05 -0.120E-02 -0.153E-03
-22.400 -0.112E-02 -0.141E-05 -0.972E-03 -0.148E-03
-22.380 -0.744E-03 -0.155E-05 -0.610E-03 -0.132E-03
-22.360 -0.193E-03 -0.168E-05 -0.869E-04 -0.104E-03
-22.340  0.557E-03 -0.178E-05  0.620E-03 -0.618E-04
-22.320  0.153E-02 -0.184E-05  0.153E-02 -0.206E-05
-22.300  0.273E-02 -0.185E-05  0.265E-02  0.766E-04
-22.280  0.416E-02 -0.178E-05  0.399E-02  0.176E-03
-22.260  0.583E-02 -0.161E-05  0.554E-02  0.296E-03
-22.240  0.771E-02 -0.133E-05  0.728E-02  0.437E-03
-22.220  0.978E-02 -0.893E-06  0.918E-02  0.598E-03
-22.200  0.120E-01 -0.283E-06  0.112E-01  0.778E-03
-22.180  0.143E-01  0.539E-06  0.133E-01  0.975E-03
-22.160  0.166E-01  0.161E-05  0.154E-01  0.118E-02
-22.140  0.189E-01  0.297E-05  0.175E-01  0.140E-02
-22.120  0.211E-01  0.466E-05  0.195E-01  0.162E-02
-22.100  0.232E-01  0.672E-05  0.213E-01  0.185E-02
-22.080  0.250E-01  0.919E-05  0.229E-01  0.207E-02
-22.060  0.265E-01  0.121E-04  0.242E-01  0.229E-02
-22.040  0.277E-01  0.155E-04  0.252E-01  0.249E-02
-22.020  0.286E-01  0.194E-04  0.258E-01  0.269E-02
-22.000  0.291E-01  0.237E-04  0.262E-01  0.288E-02
-21.980  0.292E-01  0.286E-04  0.262E-01  0.306E-02
-21.960  0.291E-01  0.339E-04  0.258E-01  0.323E-02
-21.940  0.287E-01  0.396E-04  0.252E-01  0.340E-02
-21.920  0.280E-01  0.457E-04  0.244E-01  0.356E-02
-21.900  0.271E-01  0.520E-04  0.233E-01  0.373E-02
-21.880  0.261E-01  0.585E-04  0.222E-01  0.390E-02
-21.860  0.251E-01  0.651E-04  0.209E-01  0.408E-02
-21.840  0.240E-01  0.716E-04  0.197E-01  0.426E-02
-21.820  0.229E-01  0.779E-04  0.184E-01  0.446E-02
-21.800  0.219E-01  0.839E-04  0.171E-01  0.467E-02
-21.780  0.210E-01  0.895E-04  0.160E-01  0.488E-02
-21.760  0.201E-01  0.947E-04  0.149E-01  0.511E-02
-21.740  0.194E-01  0.993E-04  0.139E-01  0.533E-02
-21.720  0.187E-01  0.103E-03  0.131E-01  0.556E-02
-21.700  0.182E-01  0.107E-03  0.123E-01  0.577E-02
-21.680  0.177E-01  0.109E-03  0.116E-01  0.598E-02
-21.660  0.173E-01  0.111E-03  0.110E-01  0.617E-02
-21.640  0.170E-01  0.112E-03  0.105E-01  0.634E-02
-21.620  0.166E-01  0.113E-03  0.101E-01  0.648E-02
-21.600  0.164E-01  0.113E-03  0.965E-02  0.659E-02
-21.580  0.161E-01  0.113E-03  0.929E-02  0.667E-02
-21.560  0.158E-01  0.113E-03  0.898E-02  0.672E-02
-21.540  0.156E-01  0.112E-03  0.870E-02  0.674E-02
-21.520  0.153E-01  0.111E-03  0.846E-02  0.674E-02
-21.500  0.151E-01  0.111E-03  0.825E-02  0.671E-02
-21.480  0.149E-01  0.110E-03  0.808E-02  0.667E-02
-21.460  0.147E-01  0.110E-03  0.795E-02  0.661E-02
-21.440  0.145E-01  0.109E-03  0.786E-02  0.656E-02
-21.420  0.144E-01  0.110E-03  0.782E-02  0.652E-02
-21.400  0.144E-01  0.110E-03  0.783E-02  0.649E-02
-21.380  0.145E-01  0.111E-03  0.789E-02  0.648E-02
-21.360  0.146E-01  0.113E-03  0.801E-02  0.651E-02
-21.340  0.149E-01  0.115E-03  0.818E-02  0.658E-02
-21.320  0.152E-01  0.118E-03  0.842E-02  0.668E-02
-21.300  0.157E-01  0.121E-03  0.872E-02  0.682E-02
-21.280  0.162E-01  0.124E-03  0.908E-02  0.700E-02
-21.260  0.168E-01  0.127E-03  0.951E-02  0.721E-02
-21.240  0.176E-01  0.131E-03  0.999E-02  0.745E-02
-21.220  0.184E-01  0.134E-03  0.105E-01  0.770E-02
-21.200  0.192E-01  0.138E-03  0.111E-01  0.796E-02
-21.180  0.201E-01  0.140E-03  0.117E-01  0.821E-02
-21.160  0.209E-01  0.143E-03  0.124E-01  0.845E-02
-21.140  0.218E-01  0.144E-03  0.130E-01  0.865E-02
-21.120  0.226E-01  0.145E-03  0.136E-01  0.881E-02
-21.100  0.233E-01  0.145E-03  0.142E-01  0.892E-02
-21.080  0.239E-01  0.145E-03  0.148E-01  0.898E-02
-21.060  0.244E-01  0.144E-03  0.153E-01  0.898E-02
-21.040  0.248E-01  0.142E-03  0.157E-01  0.893E-02
-21.020  0.251E-01  0.141E-03  0.161E-01  0.885E-02
-21.000  0.253E-01  0.139E-03  0.164E-01  0.873E-02
-20.980  0.254E-01  0.138E-03  0.167E-01  0.859E-02
-20.960  0.255E-01  0.138E-03  0.169E-01  0.847E-02
-20.940  0.256E-01  0.139E-03  0.171E-01  0.836E-02
-20.920  0.257E-01  0.142E-03  0.172E-01  0.830E-02
-20.900  0.258E-01  0.146E-03  0.174E-01  0.831E-02
-20.880  0.261E-01  0.153E-03  0.175E-01  0.840E-02
-20.860  0.264E-01  0.162E-03  0.177E-01  0.858E-02
-20.840  0.269E-01  0.174E-03  0.179E-01  0.888E-02
-20.820  0.276E-01  0.187E-03  0.181E-01  0.929E-02
-20.800  0.283E-01  0.203E-03  0.183E-01  0.981E-02
-20.780  0.292E-01  0.221E-03  0.185E-01  0.104E-01
-20.760  0.302E-01  0.240E-03  0.188E-01  0.112E-01
-20.740  0.312E-01  0.260E-03  0.190E-01  0.120E-01
-20.720  0.322E-01  0.280E-03  0.191E-01  0.128E-01
-20.700  0.333E-01  0.301E-03  0.193E-01  0.137E-01
-20.680  0.342E-01  0.320E-03  0.193E-01  0.146E-01
-20.660  0.351E-01  0.339E-03  0.193E-01  0.155E-01
-20.640  0.359E-01  0.356E-03  0.193E-01  0.163E-01
-20.620  0.365E-01  0.370E-03  0.191E-01  0.170E-01
-20.600  0.370E-01  0.383E-03  0.189E-01  0.177E-01
-20.580  0.373E-01  0.393E-03  0.187E-01  0.182E-01
-20.560  0.374E-01  0.400E-03  0.184E-01  0.186E-01
-20.540  0.374E-01  0.405E-03  0.181E-01  0.189E-01
-20.520  0.373E-01  0.407E-03  0.179E-01  0.190E-01
-20.500  0.371E-01  0.408E-03  0.177E-01  0.190E-01
-20.480  0.367E-01  0.406E-03  0.175E-01  0.188E-01
-20.460  0.364E-01  0.403E-03  0.174E-01  0.186E-01
-20.440  0.360E-01  0.398E-03  0.174E-01  0.182E-01
-20.420  0.355E-01  0.392E-03  0.174E-01  0.177E-01
-20.400  0.350E-01  0.385E-03  0.176E-01  0.171E-01
-20.380  0.345E-01  0.377E-03  0.177E-01  0.164E-01
-20.360  0.340E-01  0.368E-03  0.179E-01  0.157E-01
-20.340  0.334E-01  0.359E-03  0.180E-01  0.150E-01
-20.320  0.327E-01  0.349E-03  0.181E-01  0.142E-01
-20.300  0.320E-01  0.339E-03  0.182E-01  0.135E-01
-20.280  0.312E-01  0.328E-03  0.181E-01  0.127E-01
-20.260  0.303E-01  0.316E-03  0.179E-01  0.120E-01
-20.240  0.293E-01  0.304E-03  0.176E-01  0.114E-01
-20.220  0.282E-01  0.292E-03  0.171E-01  0.108E-01
-20.200  0.271E-01  0.279E-03  0.165E-01  0.103E-01
-20.180  0.260E-01  0.267E-03  0.158E-01  0.998E-02
-20.160  0.250E-01  0.255E-03  0.149E-01  0.978E-02
-20.140  0.240E-01  0.245E-03  0.140E-01  0.975E-02
-20.120  0.231E-01  0.236E-03  0.130E-01  0.990E-02
-20.100  0.224E-01  0.228E-03  0.119E-01  0.102E-01
-20.080  0.219E-01  0.224E-03  0.109E-01  0.108E-01
-20.060  0.216E-01  0.222E-03  0.993E-02  0.115E-01
-20.040  0.216E-01  0.222E-03  0.901E-02  0.124E-01
-20.020  0.218E-01  0.226E-03  0.820E-02  0.134E-01
-20.000  0.223E-01  0.233E-03  0.749E-02  0.146E-01
-19.980  0.230E-01  0.242E-03  0.691E-02  0.159E-01
-19.960  0.239E-01  0.253E-03  0.645E-02  0.172E-01
-19.940  0.249E-01  0.267E-03  0.612E-02  0.185E-01
-19.920  0.260E-01  0.281E-03  0.589E-02  0.198E-01
-19.900  0.272E-01  0.296E-03  0.577E-02  0.211E-01
-19.880  0.283E-01  0.310E-03  0.574E-02  0.222E-01
-19.860  0.294E-01  0.324E-03  0.577E-02  0.233E-01
-19.840  0.303E-01  0.336E-03  0.586E-02  0.241E-01
-19.820  0.311E-01  0.346E-03  0.598E-02  0.248E-01
-19.800  0.318E-01  0.354E-03  0.613E-02  0.253E-01
-19.780  0.323E-01  0.359E-03  0.629E-02  0.256E-01
-19.760  0.326E-01  0.361E-03  0.645E-02  0.258E-01
-19.740  0.328E-01  0.360E-03  0.661E-02  0.258E-01
-19.720  0.328E-01  0.356E-03  0.676E-02  0.257E-01
-19.700  0.327E-01  0.349E-03  0.691E-02  0.254E-01
-19.680  0.325E-01  0.340E-03  0.705E-02  0.251E-01
-19.660  0.322E-01  0.328E-03  0.718E-02  0.247E-01
-19.640  0.318E-01  0.316E-03  0.729E-02  0.242E-01
-19.620  0.314E-01  0.301E-03  0.740E-02  0.237E-01
-19.600  0.309E-01  0.287E-03  0.749E-02  0.232E-01
-19.580  0.304E-01  0.271E-03  0.756E-02  0.226E-01
-19.560  0.299E-01  0.256E-03  0.761E-02  0.220E-01
-19.540  0.294E-01  0.241E-03  0.764E-02  0.215E-01
-19.520  0.288E-01  0.227E-03  0.765E-02  0.209E-01
-19.500  0.282E-01  0.214E-03  0.763E-02  0.204E-01
-19.480  0.276E-01  0.202E-03  0.758E-02  0.198E-01
-19.460  0.270E-01  0.192E-03  0.751E-02  0.193E-01
-19.440  0.265E-01  0.185E-03  0.742E-02  0.189E-01
-19.420  0.260E-01  0.179E-03  0.730E-02  0.185E-01
-19.400  0.256E-01  0.176E-03  0.717E-02  0.182E-01
-19.380  0.252E-01  0.176E-03  0.703E-02  0.180E-01
-19.360  0.250E-01  0.179E-03  0.689E-02  0.180E-01
-19.340  0.250E-01  0.185E-03  0.675E-02  0.180E-01
-19.320  0.251E-01  0.195E-03  0.662E-02  0.183E-01
-19.300  0.254E-01  0.208E-03  0.651E-02  0.187E-01
-19.280  0.259E-01  0.224E-03  0.642E-02  0.193E-01
-19.260  0.266E-01  0.244E-03  0.636E-02  0.200E-01
-19.240  0.276E-01  0.267E-03  0.632E-02  0.210E-01
-19.220  0.287E-01  0.293E-03  0.632E-02  0.221E-01
-19.200  0.301E-01  0.322E-03  0.635E-02  0.234E-01
-19.180  0.316E-01  0.354E-03  0.642E-02  0.248E-01
-19.160  0.333E-01  0.387E-03  0.650E-02  0.264E-01
-19.140  0.351E-01  0.423E-03  0.662E-02  0.281E-01
-19.120  0.371E-01  0.459E-03  0.675E-02  0.299E-01
-19.100  0.391E-01  0.496E-03  0.689E-02  0.317E-01
-19.080  0.410E-01  0.532E-03  0.704E-02  0.335E-01
-19.060  0.430E-01  0.567E-03  0.718E-02  0.352E-01
-19.040  0.448E-01  0.600E-03  0.731E-02  0.369E-01
-19.020  0.465E-01  0.630E-03  0.743E-02  0.384E-01
-19.000  0.480E-01  0.656E-03  0.751E-02  0.398E-01
-18.980  0.492E-01  0.678E-03  0.756E-02  0.410E-01
-18.960  0.502E-01  0.694E-03  0.758E-02  0.419E-01
-18.940  0.508E-01  0.704E-03  0.754E-02  0.425E-01
-18.920  0.510E-01  0.708E-03  0.746E-02  0.428E-01
-18.900  0.508E-01  0.705E-03  0.733E-02  0.428E-01
-18.880  0.502E-01  0.696E-03  0.715E-02  0.424E-01
-18.860  0.493E-01  0.680E-03  0.693E-02  0.417E-01
-18.840  0.479E-01  0.658E-03  0.667E-02  0.406E-01
-18.820  0.462E-01  0.630E-03  0.637E-02  0.392E-01
-18.800  0.441E-01  0.597E-03  0.605E-02  0.375E-01
-18.780  0.418E-01  0.560E-03  0.571E-02  0.356E-01
-18.760  0.393E-01  0.519E-03  0.535E-02  0.334E-01
-18.740  0.366E-01  0.477E-03  0.500E-02  0.312E-01
-18.720  0.339E-01  0.434E-03  0.466E-02  0.288E-01
-18.700  0.312E-01  0.391E-03  0.433E-02  0.264E-01
-18.680  0.285E-01  0.350E-03  0.403E-02  0.241E-01
-18.660  0.260E-01  0.311E-03  0.377E-02  0.220E-01
-18.640  0.238E-01  0.276E-03  0.354E-02  0.200E-01
-18.620  0.219E-01  0.245E-03  0.336E-02  0.183E-01
-18.600  0.203E-01  0.220E-03  0.322E-02  0.169E-01
-18.580  0.191E-01  0.200E-03  0.314E-02  0.158E-01
-18.560  0.184E-01  0.186E-03  0.311E-02  0.151E-01
-18.540  0.181E-01  0.178E-03  0.313E-02  0.148E-01
-18.520  0.183E-01  0.176E-03  0.321E-02  0.149E-01
-18.500  0.188E-01  0.180E-03  0.335E-02  0.153E-01
-18.480  0.198E-01  0.189E-03  0.354E-02  0.161E-01
-18.460  0.212E-01  0.203E-03  0.378E-02  0.172E-01
-18.440  0.229E-01  0.221E-03  0.406E-02  0.186E-01
-18.420  0.248E-01  0.242E-03  0.439E-02  0.202E-01
-18.400  0.269E-01  0.266E-03  0.475E-02  0.219E-01
-18.380  0.292E-01  0.291E-03  0.514E-02  0.238E-01
-18.360  0.315E-01  0.317E-03  0.555E-02  0.257E-01
-18.340  0.339E-01  0.343E-03  0.597E-02  0.276E-01
-18.320  0.362E-01  0.368E-03  0.639E-02  0.295E-01
-18.300  0.385E-01  0.391E-03  0.681E-02  0.313E-01
-18.280  0.406E-01  0.413E-03  0.721E-02  0.330E-01
-18.260  0.425E-01  0.433E-03  0.759E-02  0.345E-01
-18.240  0.443E-01  0.450E-03  0.793E-02  0.359E-01
-18.220  0.458E-01  0.465E-03  0.824E-02  0.371E-01
-18.200  0.471E-01  0.477E-03  0.851E-02  0.381E-01
-18.180  0.482E-01  0.485E-03  0.873E-02  0.390E-01
-18.160  0.490E-01  0.492E-03  0.891E-02  0.396E-01
-18.140  0.497E-01  0.495E-03  0.903E-02  0.401E-01
-18.120  0.501E-01  0.496E-03  0.912E-02  0.405E-01
-18.100  0.503E-01  0.495E-03  0.916E-02  0.406E-01
-18.080  0.503E-01  0.493E-03  0.917E-02  0.407E-01
-18.060  0.503E-01  0.488E-03  0.915E-02  0.406E-01
-18.040  0.500E-01  0.482E-03  0.911E-02  0.404E-01
-18.020  0.497E-01  0.476E-03  0.905E-02  0.402E-01
-18.000  0.494E-01  0.468E-03  0.898E-02  0.399E-01
-17.980  0.490E-01  0.461E-03  0.891E-02  0.396E-01
-17.960  0.486E-01  0.453E-03  0.885E-02  0.393E-01
-17.940  0.483E-01  0.445E-03  0.879E-02  0.390E-01
-17.920  0.480E-01  0.438E-03  0.875E-02  0.388E-01
-17.900  0.478E-01  0.432E-03  0.873E-02  0.387E-01
-17.880  0.478E-01  0.426E-03  0.874E-02  0.386E-01
-17.860  0.479E-01  0.422E-03  0.877E-02  0.387E-01
-17.840  0.481E-01  0.418E-03  0.882E-02  0.389E-01
-17.820  0.485E-01  0.415E-03  0.891E-02  0.392E-01
-17.800  0.491E-01  0.413E-03  0.902E-02  0.397E-01
-17.780  0.498E-01  0.412E-03  0.916E-02  0.403E-01
-17.760  0.507E-01  0.412E-03  0.933E-02  0.410E-01
-17.740  0.517E-01  0.412E-03  0.952E-02  0.418E-01
-17.720  0.528E-01  0.413E-03  0.974E-02  0.427E-01
-17.700  0.540E-01  0.415E-03  0.998E-02  0.436E-01
-17.680  0.553E-01  0.417E-03  0.102E-01  0.446E-01
-17.660  0.566E-01  0.419E-03  0.105E-01  0.456E-01
-17.640  0.580E-01  0.422E-03  0.108E-01  0.467E-01
-17.620  0.594E-01  0.425E-03  0.112E-01  0.478E-01
-17.600  0.609E-01  0.429E-03  0.116E-01  0.489E-01
-17.580  0.624E-01  0.433E-03  0.120E-01  0.500E-01
-17.560  0.640E-01  0.439E-03  0.124E-01  0.511E-01
-17.540  0.657E-01  0.446E-03  0.129E-01  0.523E-01
-17.520  0.675E-01  0.455E-03  0.135E-01  0.535E-01
-17.500  0.694E-01  0.465E-03  0.141E-01  0.548E-01
-17.480  0.715E-01  0.478E-03  0.148E-01  0.562E-01
-17.460  0.737E-01  0.492E-03  0.155E-01  0.577E-01
-17.440  0.760E-01  0.508E-03  0.163E-01  0.592E-01
-17.420  0.784E-01  0.526E-03  0.171E-01  0.608E-01
-17.400  0.810E-01  0.546E-03  0.180E-01  0.624E-01
-17.380  0.836E-01  0.566E-03  0.189E-01  0.641E-01
-17.360  0.862E-01  0.588E-03  0.199E-01  0.657E-01
-17.340  0.888E-01  0.610E-03  0.209E-01  0.673E-01
-17.320  0.913E-01  0.631E-03  0.219E-01  0.688E-01
-17.300  0.937E-01  0.652E-03  0.229E-01  0.702E-01
-17.280  0.959E-01  0.671E-03  0.239E-01  0.714E-01
-17.260  0.979E-01  0.689E-03  0.249E-01  0.724E-01
-17.240  0.997E-01  0.704E-03  0.258E-01  0.732E-01
-17.220  0.101E+00  0.716E-03  0.268E-01  0.737E-01
-17.200  0.102E+00  0.725E-03  0.276E-01  0.740E-01
-17.180  0.103E+00  0.731E-03  0.284E-01  0.741E-01
-17.160  0.104E+00  0.733E-03  0.291E-01  0.739E-01
-17.140  0.104E+00  0.731E-03  0.297E-01  0.734E-01
-17.120  0.103E+00  0.726E-03  0.301E-01  0.726E-01
-17.100  0.103E+00  0.716E-03  0.303E-01  0.716E-01
-17.080  0.101E+00  0.703E-03  0.304E-01  0.703E-01
-17.060  0.995E-01  0.685E-03  0.302E-01  0.686E-01
-17.040  0.972E-01  0.664E-03  0.298E-01  0.667E-01
-17.020  0.944E-01  0.639E-03  0.292E-01  0.645E-01
-17.000  0.910E-01  0.611E-03  0.283E-01  0.620E-01
-16.980  0.871E-01  0.580E-03  0.272E-01  0.593E-01
-16.960  0.827E-01  0.546E-03  0.259E-01  0.563E-01
-16.940  0.779E-01  0.511E-03  0.243E-01  0.531E-01
-16.920  0.728E-01  0.474E-03  0.226E-01  0.497E-01
-16.900  0.674E-01  0.436E-03  0.208E-01  0.462E-01
-16.880  0.619E-01  0.399E-03  0.188E-01  0.427E-01
-16.860  0.564E-01  0.362E-03  0.169E-01  0.392E-01
-16.840  0.509E-01  0.326E-03  0.149E-01  0.357E-01
-16.820  0.457E-01  0.292E-03  0.130E-01  0.324E-01
-16.800  0.407E-01  0.261E-03  0.112E-01  0.292E-01
-16.780  0.360E-01  0.232E-03  0.948E-02  0.263E-01
-16.760  0.319E-01  0.207E-03  0.795E-02  0.237E-01
-16.740  0.282E-01  0.185E-03  0.660E-02  0.214E-01
-16.720  0.250E-01  0.166E-03  0.544E-02  0.193E-01
-16.700  0.223E-01  0.150E-03  0.447E-02  0.176E-01
-16.680  0.201E-01  0.137E-03  0.368E-02  0.163E-01
-16.660  0.184E-01  0.127E-03  0.308E-02  0.152E-01
-16.640  0.171E-01  0.120E-03  0.263E-02  0.143E-01
-16.620  0.162E-01  0.115E-03  0.233E-02  0.137E-01
-16.600  0.156E-01  0.111E-03  0.216E-02  0.133E-01
-16.580  0.153E-01  0.109E-03  0.209E-02  0.131E-01
-16.560  0.153E-01  0.109E-03  0.210E-02  0.131E-01
-16.540  0.154E-01  0.109E-03  0.219E-02  0.131E-01
-16.520  0.157E-01  0.109E-03  0.232E-02  0.133E-01
-16.500  0.161E-01  0.110E-03  0.250E-02  0.135E-01
-16.480  0.165E-01  0.112E-03  0.270E-02  0.137E-01
-16.460  0.170E-01  0.113E-03  0.292E-02  0.140E-01
-16.440  0.176E-01  0.114E-03  0.317E-02  0.143E-01
-16.420  0.182E-01  0.115E-03  0.342E-02  0.147E-01
-16.400  0.188E-01  0.117E-03  0.369E-02  0.150E-01
-16.380  0.195E-01  0.118E-03  0.397E-02  0.154E-01
-16.360  0.202E-01  0.118E-03  0.425E-02  0.158E-01
-16.340  0.209E-01  0.119E-03  0.455E-02  0.162E-01
-16.320  0.216E-01  0.119E-03  0.485E-02  0.166E-01
-16.300  0.223E-01  0.119E-03  0.516E-02  0.171E-01
-16.280  0.230E-01  0.119E-03  0.547E-02  0.175E-01
-16.260  0.237E-01  0.118E-03  0.578E-02  0.178E-01
-16.240  0.243E-01  0.117E-03  0.607E-02  0.182E-01
-16.220  0.249E-01  0.115E-03  0.634E-02  0.184E-01
-16.200  0.253E-01  0.113E-03  0.658E-02  0.186E-01
-16.180  0.256E-01  0.110E-03  0.678E-02  0.187E-01
-16.160  0.257E-01  0.105E-03  0.693E-02  0.186E-01
-16.140  0.256E-01  0.100E-03  0.703E-02  0.185E-01
-16.120  0.253E-01  0.944E-04  0.706E-02  0.181E-01
-16.100  0.247E-01  0.877E-04  0.702E-02  0.176E-01
-16.080  0.239E-01  0.803E-04  0.691E-02  0.169E-01
-16.060  0.229E-01  0.726E-04  0.673E-02  0.161E-01
-16.040  0.216E-01  0.648E-04  0.649E-02  0.151E-01
-16.020  0.202E-01  0.574E-04  0.619E-02  0.140E-01
-16.000  0.187E-01  0.510E-04  0.585E-02  0.128E-01
-15.980  0.172E-01  0.461E-04  0.548E-02  0.116E-01
-15.960  0.156E-01  0.435E-04  0.510E-02  0.105E-01
-15.940  0.142E-01  0.440E-04  0.472E-02  0.939E-02
-15.920  0.129E-01  0.484E-04  0.437E-02  0.849E-02
-15.900  0.119E-01  0.574E-04  0.407E-02  0.781E-02
-15.880  0.113E-01  0.720E-04  0.382E-02  0.743E-02
-15.860  0.112E-01  0.927E-04  0.364E-02  0.742E-02
-15.840  0.115E-01  0.120E-03  0.355E-02  0.784E-02
-15.820  0.124E-01  0.155E-03  0.356E-02  0.873E-02
-15.800  0.140E-01  0.197E-03  0.366E-02  0.101E-01
-15.780  0.162E-01  0.247E-03  0.387E-02  0.121E-01
-15.760  0.191E-01  0.304E-03  0.418E-02  0.147E-01
-15.740  0.227E-01  0.368E-03  0.459E-02  0.178E-01
-15.720  0.270E-01  0.437E-03  0.509E-02  0.215E-01
-15.700  0.319E-01  0.512E-03  0.568E-02  0.257E-01
-15.680  0.373E-01  0.591E-03  0.635E-02  0.304E-01
-15.660  0.433E-01  0.673E-03  0.710E-02  0.356E-01
-15.640  0.498E-01  0.756E-03  0.792E-02  0.411E-01
-15.620  0.566E-01  0.838E-03  0.881E-02  0.469E-01
-15.600  0.636E-01  0.918E-03  0.975E-02  0.530E-01
-15.580  0.708E-01  0.994E-03  0.107E-01  0.591E-01
-15.560  0.781E-01  0.106E-02  0.118E-01  0.652E-01
-15.540  0.852E-01  0.113E-02  0.129E-01  0.712E-01
-15.520  0.922E-01  0.118E-02  0.140E-01  0.770E-01
-15.500  0.988E-01  0.123E-02  0.152E-01  0.824E-01
-15.480  0.105E+00  0.127E-02  0.163E-01  0.874E-01
-15.460  0.111E+00  0.130E-02  0.175E-01  0.919E-01
-15.440  0.116E+00  0.131E-02  0.187E-01  0.958E-01
-15.420  0.120E+00  0.132E-02  0.199E-01  0.990E-01
-15.400  0.124E+00  0.131E-02  0.211E-01  0.102E+00
-15.380  0.127E+00  0.130E-02  0.222E-01  0.103E+00
-15.360  0.129E+00  0.128E-02  0.233E-01  0.105E+00
-15.340  0.131E+00  0.126E-02  0.243E-01  0.105E+00
-15.320  0.132E+00  0.122E-02  0.253E-01  0.105E+00
-15.300  0.132E+00  0.119E-02  0.262E-01  0.105E+00
-15.280  0.132E+00  0.115E-02  0.270E-01  0.104E+00
-15.260  0.132E+00  0.112E-02  0.277E-01  0.103E+00
-15.240  0.131E+00  0.108E-02  0.284E-01  0.102E+00
-15.220  0.130E+00  0.105E-02  0.289E-01  0.100E+00
-15.200  0.129E+00  0.102E-02  0.294E-01  0.988E-01
-15.180  0.128E+00  0.998E-03  0.298E-01  0.976E-01
-15.160  0.128E+00  0.979E-03  0.302E-01  0.964E-01
-15.140  0.127E+00  0.965E-03  0.305E-01  0.954E-01
-15.120  0.126E+00  0.955E-03  0.308E-01  0.946E-01
-15.100  0.126E+00  0.949E-03  0.311E-01  0.939E-01
-15.080  0.126E+00  0.945E-03  0.315E-01  0.933E-01
-15.060  0.126E+00  0.944E-03  0.319E-01  0.927E-01
-15.040  0.125E+00  0.943E-03  0.324E-01  0.920E-01
-15.020  0.125E+00  0.942E-03  0.330E-01  0.912E-01
-15.000  0.125E+00  0.939E-03  0.336E-01  0.903E-01
-14.980  0.124E+00  0.934E-03  0.344E-01  0.890E-01
-14.960  0.124E+00  0.925E-03  0.352E-01  0.874E-01
-14.940  0.123E+00  0.912E-03  0.361E-01  0.855E-01
-14.920  0.121E+00  0.895E-03  0.371E-01  0.833E-01
-14.900  0.120E+00  0.874E-03  0.381E-01  0.807E-01
-14.880  0.118E+00  0.850E-03  0.392E-01  0.779E-01
-14.860  0.116E+00  0.822E-03  0.403E-01  0.749E-01
-14.840  0.114E+00  0.792E-03  0.415E-01  0.718E-01
-14.820  0.112E+00  0.761E-03  0.428E-01  0.687E-01
-14.800  0.110E+00  0.729E-03  0.441E-01  0.657E-01
-14.780  0.109E+00  0.698E-03  0.455E-01  0.629E-01
-14.760  0.108E+00  0.669E-03  0.470E-01  0.605E-01
-14.740  0.108E+00  0.643E-03  0.486E-01  0.585E-01
-14.720  0.108E+00  0.620E-03  0.504E-01  0.570E-01
-14.700  0.109E+00  0.602E-03  0.524E-01  0.561E-01
-14.680  0.111E+00  0.588E-03  0.547E-01  0.559E-01
-14.660  0.114E+00  0.580E-03  0.571E-01  0.563E-01
-14.640  0.118E+00  0.576E-03  0.598E-01  0.574E-01
-14.620  0.122E+00  0.577E-03  0.627E-01  0.591E-01
-14.600  0.128E+00  0.583E-03  0.657E-01  0.614E-01
-14.580  0.134E+00  0.593E-03  0.689E-01  0.642E-01
-14.560  0.140E+00  0.606E-03  0.722E-01  0.674E-01
-14.540  0.147E+00  0.621E-03  0.753E-01  0.709E-01
-14.520  0.154E+00  0.638E-03  0.784E-01  0.745E-01
-14.500  0.160E+00  0.655E-03  0.812E-01  0.783E-01
-14.480  0.166E+00  0.672E-03  0.837E-01  0.819E-01
-14.460  0.172E+00  0.688E-03  0.857E-01  0.852E-01
-14.440  0.176E+00  0.701E-03  0.871E-01  0.882E-01
-14.420  0.179E+00  0.711E-03  0.879E-01  0.907E-01
-14.400  0.181E+00  0.717E-03  0.879E-01  0.925E-01
-14.380  0.181E+00  0.717E-03  0.871E-01  0.936E-01
-14.360  0.180E+00  0.712E-03  0.854E-01  0.938E-01
-14.340  0.177E+00  0.701E-03  0.829E-01  0.931E-01
-14.320  0.172E+00  0.684E-03  0.796E-01  0.915E-01
-14.300  0.165E+00  0.660E-03  0.755E-01  0.889E-01
-14.280  0.157E+00  0.630E-03  0.707E-01  0.854E-01
-14.260  0.147E+00  0.595E-03  0.654E-01  0.811E-01
-14.240  0.136E+00  0.555E-03  0.596E-01  0.760E-01
-14.220  0.124E+00  0.510E-03  0.535E-01  0.703E-01
-14.200  0.112E+00  0.463E-03  0.472E-01  0.640E-01
-14.180  0.988E-01  0.414E-03  0.409E-01  0.575E-01
-14.160  0.859E-01  0.364E-03  0.348E-01  0.508E-01
-14.140  0.732E-01  0.314E-03  0.289E-01  0.440E-01
-14.120  0.611E-01  0.265E-03  0.233E-01  0.375E-01
-14.100  0.497E-01  0.219E-03  0.182E-01  0.312E-01
-14.080  0.392E-01  0.175E-03  0.137E-01  0.254E-01
-14.060  0.298E-01  0.136E-03  0.967E-02  0.200E-01
-14.040  0.216E-01  0.100E-03  0.623E-02  0.152E-01
-14.020  0.145E-01  0.690E-04  0.336E-02  0.111E-01
-14.000  0.865E-02  0.424E-04  0.103E-02  0.757E-02
-13.980  0.392E-02  0.202E-04 -0.781E-03  0.468E-02
-13.960  0.264E-03  0.245E-05 -0.213E-02  0.239E-02
-13.940 -0.242E-02 -0.111E-04 -0.307E-02  0.661E-03
-13.920 -0.422E-02 -0.205E-04 -0.364E-02 -0.559E-03
-13.900 -0.525E-02 -0.259E-04 -0.391E-02 -0.132E-02
-13.880 -0.561E-02 -0.275E-04 -0.391E-02 -0.167E-02
-13.860 -0.537E-02 -0.252E-04 -0.369E-02 -0.166E-02
-13.840 -0.462E-02 -0.191E-04 -0.328E-02 -0.133E-02
-13.820 -0.341E-02 -0.886E-05 -0.270E-02 -0.694E-03
-13.800 -0.177E-02  0.556E-05 -0.199E-02  0.214E-03
-13.780  0.274E-03  0.244E-04 -0.114E-02  0.139E-02
-13.760  0.270E-02  0.479E-04 -0.174E-03  0.283E-02
-13.740  0.551E-02  0.762E-04  0.899E-03  0.453E-02
-13.720  0.869E-02  0.109E-03  0.207E-02  0.651E-02
-13.700  0.122E-01  0.147E-03  0.333E-02  0.877E-02
-13.680  0.162E-01  0.190E-03  0.466E-02  0.113E-01
-13.660  0.204E-01  0.237E-03  0.604E-02  0.141E-01
-13.640  0.250E-01  0.288E-03  0.746E-02  0.172E-01
-13.620  0.298E-01  0.342E-03  0.889E-02  0.206E-01
-13.600  0.349E-01  0.398E-03  0.103E-01  0.241E-01
-13.580  0.401E-01  0.456E-03  0.117E-01  0.279E-01
-13.560  0.454E-01  0.513E-03  0.131E-01  0.318E-01
-13.540  0.507E-01  0.570E-03  0.144E-01  0.358E-01
-13.520  0.560E-01  0.624E-03  0.157E-01  0.398E-01
-13.500  0.613E-01  0.675E-03  0.169E-01  0.437E-01
-13.480  0.663E-01  0.722E-03  0.181E-01  0.475E-01
-13.460  0.713E-01  0.764E-03  0.194E-01  0.511E-01
-13.440  0.760E-01  0.801E-03  0.208E-01  0.545E-01
-13.420  0.807E-01  0.832E-03  0.223E-01  0.575E-01
-13.400  0.852E-01  0.857E-03  0.241E-01  0.603E-01
-13.380  0.897E-01  0.877E-03  0.262E-01  0.626E-01
-13.360  0.943E-01  0.892E-03  0.287E-01  0.646E-01
-13.340  0.990E-01  0.904E-03  0.318E-01  0.663E-01
-13.320  0.104E+00  0.912E-03  0.355E-01  0.677E-01
-13.300  0.110E+00  0.919E-03  0.398E-01  0.688E-01
-13.280  0.115E+00  0.925E-03  0.449E-01  0.696E-01
-13.260  0.122E+00  0.932E-03  0.507E-01  0.704E-01
-13.240  0.129E+00  0.941E-03  0.572E-01  0.710E-01
-13.220  0.137E+00  0.951E-03  0.644E-01  0.716E-01
-13.200  0.145E+00  0.965E-03  0.722E-01  0.722E-01
-13.180  0.154E+00  0.980E-03  0.804E-01  0.728E-01
-13.160  0.163E+00  0.998E-03  0.888E-01  0.735E-01
-13.140  0.172E+00  0.102E-02  0.973E-01  0.741E-01
-13.120  0.181E+00  0.104E-02  0.106E+00  0.747E-01
-13.100  0.190E+00  0.106E-02  0.114E+00  0.752E-01
-13.080  0.198E+00  0.107E-02  0.121E+00  0.755E-01
-13.060  0.204E+00  0.108E-02  0.127E+00  0.755E-01
-13.040  0.209E+00  0.109E-02  0.133E+00  0.752E-01
-13.020  0.213E+00  0.109E-02  0.137E+00  0.745E-01
-13.000  0.214E+00  0.108E-02  0.140E+00  0.732E-01
-12.980  0.214E+00  0.106E-02  0.141E+00  0.714E-01
-12.960  0.211E+00  0.104E-02  0.141E+00  0.691E-01
-12.940  0.207E+00  0.100E-02  0.140E+00  0.662E-01
-12.920  0.201E+00  0.958E-03  0.137E+00  0.628E-01
-12.900  0.193E+00  0.909E-03  0.133E+00  0.590E-01
-12.880  0.184E+00  0.857E-03  0.128E+00  0.551E-01
-12.860  0.174E+00  0.804E-03  0.123E+00  0.510E-01
-12.840  0.164E+00  0.752E-03  0.117E+00  0.470E-01
-12.820  0.154E+00  0.706E-03  0.110E+00  0.432E-01
-12.800  0.145E+00  0.667E-03  0.104E+00  0.400E-01
-12.780  0.136E+00  0.639E-03  0.981E-01  0.374E-01
-12.760  0.129E+00  0.624E-03  0.926E-01  0.357E-01
-12.740  0.123E+00  0.625E-03  0.877E-01  0.350E-01
-12.720  0.120E+00  0.644E-03  0.835E-01  0.355E-01
-12.700  0.118E+00  0.680E-03  0.801E-01  0.372E-01
-12.680  0.118E+00  0.736E-03  0.775E-01  0.402E-01
-12.660  0.121E+00  0.809E-03  0.757E-01  0.444E-01
-12.640  0.126E+00  0.899E-03  0.748E-01  0.499E-01
-12.620  0.132E+00  0.100E-02  0.745E-01  0.565E-01
-12.600  0.140E+00  0.112E-02  0.749E-01  0.642E-01
-12.580  0.150E+00  0.125E-02  0.758E-01  0.726E-01
-12.560  0.160E+00  0.138E-02  0.770E-01  0.817E-01
-12.540  0.171E+00  0.151E-02  0.785E-01  0.912E-01
-12.520  0.183E+00  0.164E-02  0.801E-01  0.101E+00
-12.500  0.194E+00  0.176E-02  0.817E-01  0.110E+00
-12.480  0.204E+00  0.188E-02  0.832E-01  0.119E+00
-12.460  0.214E+00  0.198E-02  0.844E-01  0.128E+00
-12.440  0.223E+00  0.206E-02  0.853E-01  0.135E+00
-12.420  0.229E+00  0.213E-02  0.857E-01  0.142E+00
-12.400  0.235E+00  0.218E-02  0.857E-01  0.147E+00
-12.380  0.238E+00  0.221E-02  0.851E-01  0.151E+00
-12.360  0.239E+00  0.222E-02  0.839E-01  0.153E+00
-12.340  0.238E+00  0.221E-02  0.822E-01  0.154E+00
-12.320  0.235E+00  0.218E-02  0.799E-01  0.153E+00
-12.300  0.230E+00  0.214E-02  0.771E-01  0.151E+00
-12.280  0.223E+00  0.208E-02  0.737E-01  0.147E+00
-12.260  0.215E+00  0.200E-02  0.700E-01  0.143E+00
-12.240  0.205E+00  0.192E-02  0.659E-01  0.137E+00
-12.220  0.194E+00  0.183E-02  0.616E-01  0.130E+00
-12.200  0.182E+00  0.173E-02  0.573E-01  0.123E+00
-12.180  0.170E+00  0.163E-02  0.530E-01  0.116E+00
-12.160  0.158E+00  0.152E-02  0.488E-01  0.108E+00
-12.140  0.146E+00  0.142E-02  0.451E-01  0.997E-01
-12.120  0.135E+00  0.131E-02  0.417E-01  0.919E-01
-12.100  0.125E+00  0.121E-02  0.390E-01  0.843E-01
-12.080  0.115E+00  0.112E-02  0.370E-01  0.773E-01
-12.060  0.108E+00  0.103E-02  0.357E-01  0.708E-01
-12.040  0.101E+00  0.951E-03  0.354E-01  0.649E-01
-12.020  0.966E-01  0.877E-03  0.359E-01  0.598E-01
-12.000  0.936E-01  0.812E-03  0.375E-01  0.554E-01
-11.980  0.924E-01  0.756E-03  0.400E-01  0.517E-01
-11.960  0.929E-01  0.707E-03  0.434E-01  0.488E-01
-11.940  0.951E-01  0.667E-03  0.479E-01  0.466E-01
-11.920  0.989E-01  0.633E-03  0.532E-01  0.450E-01
-11.900  0.104E+00  0.607E-03  0.595E-01  0.441E-01
-11.880  0.111E+00  0.586E-03  0.666E-01  0.436E-01
-11.860  0.119E+00  0.570E-03  0.745E-01  0.437E-01
-11.840  0.128E+00  0.558E-03  0.831E-01  0.442E-01
-11.820  0.138E+00  0.549E-03  0.924E-01  0.450E-01
-11.800  0.149E+00  0.543E-03  0.102E+00  0.461E-01
-11.780  0.161E+00  0.538E-03  0.113E+00  0.474E-01
-11.760  0.173E+00  0.535E-03  0.123E+00  0.490E-01
-11.740  0.186E+00  0.533E-03  0.135E+00  0.507E-01
-11.720  0.199E+00  0.533E-03  0.146E+00  0.525E-01
-11.700  0.212E+00  0.535E-03  0.157E+00  0.544E-01
-11.680  0.226E+00  0.538E-03  0.169E+00  0.563E-01
-11.660  0.239E+00  0.545E-03  0.180E+00  0.581E-01
-11.640  0.252E+00  0.555E-03  0.192E+00  0.598E-01
-11.620  0.265E+00  0.570E-03  0.203E+00  0.614E-01
-11.600  0.277E+00  0.591E-03  0.214E+00  0.629E-01
-11.580  0.289E+00  0.617E-03  0.224E+00  0.642E-01
-11.560  0.301E+00  0.651E-03  0.235E+00  0.653E-01
-11.540  0.312E+00  0.691E-03  0.245E+00  0.662E-01
-11.520  0.322E+00  0.739E-03  0.254E+00  0.670E-01
-11.500  0.331E+00  0.793E-03  0.263E+00  0.675E-01
-11.480  0.339E+00  0.854E-03  0.271E+00  0.680E-01
-11.460  0.347E+00  0.919E-03  0.278E+00  0.683E-01
-11.440  0.353E+00  0.987E-03  0.284E+00  0.685E-01
-11.420  0.358E+00  0.106E-02  0.288E+00  0.686E-01
-11.400  0.361E+00  0.112E-02  0.292E+00  0.687E-01
-11.380  0.363E+00  0.119E-02  0.293E+00  0.687E-01
-11.360  0.362E+00  0.125E-02  0.292E+00  0.687E-01
-11.340  0.360E+00  0.130E-02  0.290E+00  0.687E-01
-11.320  0.355E+00  0.133E-02  0.285E+00  0.686E-01
-11.300  0.347E+00  0.136E-02  0.277E+00  0.685E-01
-11.280  0.337E+00  0.137E-02  0.268E+00  0.683E-01
-11.260  0.325E+00  0.137E-02  0.256E+00  0.679E-01
-11.240  0.311E+00  0.135E-02  0.242E+00  0.675E-01
-11.220  0.295E+00  0.132E-02  0.226E+00  0.670E-01
-11.200  0.277E+00  0.128E-02  0.209E+00  0.664E-01
-11.180  0.258E+00  0.122E-02  0.191E+00  0.656E-01
-11.160  0.238E+00  0.116E-02  0.172E+00  0.647E-01
-11.140  0.218E+00  0.109E-02  0.153E+00  0.636E-01
-11.120  0.198E+00  0.102E-02  0.134E+00  0.624E-01
-11.100  0.178E+00  0.942E-03  0.117E+00  0.610E-01
-11.080  0.160E+00  0.865E-03  0.997E-01  0.595E-01
-11.060  0.143E+00  0.791E-03  0.843E-01  0.577E-01
-11.040  0.127E+00  0.719E-03  0.705E-01  0.558E-01
-11.020  0.113E+00  0.653E-03  0.586E-01  0.536E-01
-11.000  0.100E+00  0.593E-03  0.485E-01  0.514E-01
-10.980  0.899E-01  0.539E-03  0.404E-01  0.490E-01
-10.960  0.810E-01  0.494E-03  0.340E-01  0.465E-01
-10.940  0.738E-01  0.457E-03  0.294E-01  0.440E-01
-10.920  0.683E-01  0.431E-03  0.263E-01  0.415E-01
-10.900  0.644E-01  0.415E-03  0.247E-01  0.393E-01
-10.880  0.621E-01  0.412E-03  0.243E-01  0.374E-01
-10.860  0.615E-01  0.420E-03  0.251E-01  0.360E-01
-10.840  0.624E-01  0.442E-03  0.268E-01  0.351E-01
-10.820  0.651E-01  0.478E-03  0.295E-01  0.351E-01
-10.800  0.694E-01  0.526E-03  0.329E-01  0.360E-01
-10.780  0.756E-01  0.587E-03  0.371E-01  0.379E-01
-10.760  0.836E-01  0.657E-03  0.420E-01  0.410E-01
-10.740  0.936E-01  0.735E-03  0.475E-01  0.453E-01
-10.720  0.105E+00  0.816E-03  0.537E-01  0.508E-01
-10.700  0.119E+00  0.895E-03  0.605E-01  0.574E-01
-10.680  0.134E+00  0.968E-03  0.679E-01  0.652E-01
-10.660  0.151E+00  0.103E-02  0.758E-01  0.738E-01
-10.640  0.168E+00  0.108E-02  0.842E-01  0.831E-01
-10.620  0.187E+00  0.111E-02  0.929E-01  0.930E-01
-10.600  0.206E+00  0.112E-02  0.102E+00  0.103E+00
-10.580  0.225E+00  0.112E-02  0.111E+00  0.113E+00
-10.560  0.244E+00  0.113E-02  0.120E+00  0.123E+00
-10.540  0.262E+00  0.114E-02  0.130E+00  0.132E+00
-10.520  0.280E+00  0.120E-02  0.139E+00  0.140E+00
-10.500  0.296E+00  0.133E-02  0.148E+00  0.147E+00
-10.480  0.311E+00  0.157E-02  0.157E+00  0.153E+00
-10.460  0.325E+00  0.195E-02  0.165E+00  0.158E+00
-10.440  0.338E+00  0.254E-02  0.174E+00  0.162E+00
-10.420  0.350E+00  0.337E-02  0.182E+00  0.165E+00
-10.400  0.361E+00  0.448E-02  0.190E+00  0.166E+00
-10.380  0.371E+00  0.594E-02  0.198E+00  0.167E+00
-10.360  0.381E+00  0.776E-02  0.206E+00  0.168E+00
-10.340  0.390E+00  0.997E-02  0.213E+00  0.167E+00
-10.320  0.400E+00  0.126E-01  0.220E+00  0.167E+00
-10.300  0.409E+00  0.156E-01  0.227E+00  0.166E+00
-10.280  0.418E+00  0.189E-01  0.234E+00  0.165E+00
-10.260  0.427E+00  0.226E-01  0.240E+00  0.164E+00
-10.240  0.435E+00  0.265E-01  0.245E+00  0.164E+00
-10.220  0.444E+00  0.306E-01  0.250E+00  0.163E+00
-10.200  0.451E+00  0.347E-01  0.253E+00  0.163E+00
-10.180  0.457E+00  0.388E-01  0.256E+00  0.163E+00
-10.160  0.463E+00  0.429E-01  0.257E+00  0.163E+00
-10.140  0.467E+00  0.466E-01  0.257E+00  0.164E+00
-10.120  0.470E+00  0.501E-01  0.256E+00  0.164E+00
-10.100  0.471E+00  0.532E-01  0.253E+00  0.165E+00
-10.080  0.471E+00  0.559E-01  0.250E+00  0.165E+00
-10.060  0.470E+00  0.581E-01  0.245E+00  0.166E+00
-10.040  0.467E+00  0.598E-01  0.241E+00  0.167E+00
-10.020  0.464E+00  0.609E-01  0.236E+00  0.168E+00
-10.000  0.461E+00  0.617E-01  0.231E+00  0.168E+00
 -9.980  0.457E+00  0.619E-01  0.226E+00  0.169E+00
 -9.960  0.454E+00  0.618E-01  0.222E+00  0.170E+00
 -9.940  0.452E+00  0.613E-01  0.220E+00  0.171E+00
 -9.920  0.450E+00  0.604E-01  0.218E+00  0.172E+00
 -9.900  0.450E+00  0.594E-01  0.219E+00  0.172E+00
 -9.880  0.451E+00  0.581E-01  0.221E+00  0.172E+00
 -9.860  0.454E+00  0.567E-01  0.225E+00  0.173E+00
 -9.840  0.459E+00  0.552E-01  0.231E+00  0.173E+00
 -9.820  0.465E+00  0.536E-01  0.239E+00  0.172E+00
 -9.800  0.473E+00  0.520E-01  0.249E+00  0.172E+00
 -9.780  0.482E+00  0.503E-01  0.260E+00  0.172E+00
 -9.760  0.492E+00  0.486E-01  0.273E+00  0.171E+00
 -9.740  0.503E+00  0.469E-01  0.285E+00  0.171E+00
 -9.720  0.515E+00  0.453E-01  0.298E+00  0.171E+00
 -9.700  0.526E+00  0.437E-01  0.311E+00  0.171E+00
 -9.680  0.536E+00  0.421E-01  0.323E+00  0.171E+00
 -9.660  0.545E+00  0.406E-01  0.333E+00  0.172E+00
 -9.640  0.553E+00  0.392E-01  0.341E+00  0.173E+00
 -9.620  0.559E+00  0.378E-01  0.347E+00  0.175E+00
 -9.600  0.563E+00  0.365E-01  0.350E+00  0.177E+00
 -9.580  0.564E+00  0.354E-01  0.350E+00  0.179E+00
 -9.560  0.563E+00  0.343E-01  0.347E+00  0.181E+00
 -9.540  0.559E+00  0.334E-01  0.342E+00  0.184E+00
 -9.520  0.552E+00  0.326E-01  0.333E+00  0.186E+00
 -9.500  0.543E+00  0.320E-01  0.323E+00  0.188E+00
 -9.480  0.531E+00  0.315E-01  0.310E+00  0.190E+00
 -9.460  0.518E+00  0.311E-01  0.296E+00  0.191E+00
 -9.440  0.502E+00  0.309E-01  0.280E+00  0.191E+00
 -9.420  0.486E+00  0.308E-01  0.263E+00  0.191E+00
 -9.400  0.468E+00  0.309E-01  0.246E+00  0.191E+00
 -9.380  0.450E+00  0.311E-01  0.229E+00  0.190E+00
 -9.360  0.432E+00  0.315E-01  0.213E+00  0.188E+00
 -9.340  0.415E+00  0.321E-01  0.196E+00  0.187E+00
 -9.320  0.398E+00  0.328E-01  0.180E+00  0.185E+00
 -9.300  0.382E+00  0.337E-01  0.166E+00  0.183E+00
 -9.280  0.368E+00  0.348E-01  0.152E+00  0.181E+00
 -9.260  0.355E+00  0.361E-01  0.139E+00  0.180E+00
 -9.240  0.344E+00  0.376E-01  0.127E+00  0.179E+00
 -9.220  0.335E+00  0.393E-01  0.116E+00  0.179E+00
 -9.200  0.327E+00  0.413E-01  0.106E+00  0.180E+00
 -9.180  0.322E+00  0.435E-01  0.976E-01  0.181E+00
 -9.160  0.319E+00  0.459E-01  0.897E-01  0.183E+00
 -9.140  0.318E+00  0.487E-01  0.828E-01  0.186E+00
 -9.120  0.319E+00  0.517E-01  0.766E-01  0.190E+00
 -9.100  0.321E+00  0.551E-01  0.714E-01  0.195E+00
 -9.080  0.325E+00  0.587E-01  0.669E-01  0.200E+00
 -9.060  0.331E+00  0.627E-01  0.631E-01  0.205E+00
 -9.040  0.338E+00  0.671E-01  0.602E-01  0.211E+00
 -9.020  0.347E+00  0.718E-01  0.579E-01  0.217E+00
 -9.000  0.356E+00  0.769E-01  0.564E-01  0.223E+00
 -8.980  0.367E+00  0.824E-01  0.555E-01  0.229E+00
 -8.960  0.378E+00  0.883E-01  0.554E-01  0.235E+00
 -8.940  0.391E+00  0.945E-01  0.560E-01  0.240E+00
 -8.920  0.404E+00  0.101E+00  0.573E-01  0.245E+00
 -8.900  0.417E+00  0.108E+00  0.593E-01  0.249E+00
 -8.880  0.430E+00  0.115E+00  0.621E-01  0.253E+00
 -8.860  0.443E+00  0.123E+00  0.657E-01  0.255E+00
 -8.840  0.456E+00  0.130E+00  0.700E-01  0.256E+00
 -8.820  0.469E+00  0.138E+00  0.750E-01  0.256E+00
 -8.800  0.480E+00  0.146E+00  0.808E-01  0.254E+00
 -8.780  0.491E+00  0.153E+00  0.873E-01  0.251E+00
 -8.760  0.500E+00  0.160E+00  0.944E-01  0.246E+00
 -8.740  0.508E+00  0.166E+00  0.102E+00  0.240E+00
 -8.720  0.515E+00  0.172E+00  0.110E+00  0.232E+00
 -8.700  0.520E+00  0.177E+00  0.118E+00  0.224E+00
 -8.680  0.523E+00  0.182E+00  0.127E+00  0.214E+00
 -8.660  0.525E+00  0.185E+00  0.136E+00  0.204E+00
 -8.640  0.525E+00  0.187E+00  0.144E+00  0.194E+00
 -8.620  0.524E+00  0.188E+00  0.153E+00  0.184E+00
 -8.600  0.522E+00  0.187E+00  0.161E+00  0.174E+00
 -8.580  0.519E+00  0.186E+00  0.168E+00  0.165E+00
 -8.560  0.515E+00  0.184E+00  0.174E+00  0.157E+00
 -8.540  0.510E+00  0.180E+00  0.180E+00  0.150E+00
 -8.520  0.506E+00  0.176E+00  0.185E+00  0.145E+00
 -8.500  0.500E+00  0.171E+00  0.188E+00  0.142E+00
 -8.480  0.495E+00  0.165E+00  0.190E+00  0.140E+00
 -8.460  0.490E+00  0.159E+00  0.191E+00  0.141E+00
 -8.440  0.486E+00  0.153E+00  0.190E+00  0.143E+00
 -8.420  0.482E+00  0.147E+00  0.188E+00  0.147E+00
 -8.400  0.479E+00  0.141E+00  0.185E+00  0.153E+00
 -8.380  0.477E+00  0.136E+00  0.180E+00  0.161E+00
 -8.360  0.476E+00  0.131E+00  0.174E+00  0.170E+00
 -8.340  0.476E+00  0.127E+00  0.168E+00  0.181E+00
 -8.320  0.478E+00  0.125E+00  0.160E+00  0.193E+00
 -8.300  0.481E+00  0.123E+00  0.153E+00  0.205E+00
 -8.280  0.485E+00  0.122E+00  0.144E+00  0.218E+00
 -8.260  0.490E+00  0.123E+00  0.136E+00  0.231E+00
 -8.240  0.497E+00  0.124E+00  0.129E+00  0.243E+00
 -8.220  0.504E+00  0.127E+00  0.122E+00  0.255E+00
 -8.200  0.511E+00  0.130E+00  0.116E+00  0.265E+00
 -8.180  0.518E+00  0.134E+00  0.111E+00  0.273E+00
 -8.160  0.525E+00  0.138E+00  0.107E+00  0.280E+00
 -8.140  0.531E+00  0.142E+00  0.105E+00  0.283E+00
 -8.120  0.535E+00  0.146E+00  0.104E+00  0.284E+00
 -8.100  0.538E+00  0.150E+00  0.105E+00  0.283E+00
 -8.080  0.538E+00  0.153E+00  0.107E+00  0.278E+00
 -8.060  0.537E+00  0.155E+00  0.110E+00  0.271E+00
 -8.040  0.533E+00  0.156E+00  0.114E+00  0.262E+00
 -8.020  0.526E+00  0.156E+00  0.120E+00  0.250E+00
 -8.000  0.517E+00  0.155E+00  0.126E+00  0.236E+00
 -7.980  0.506E+00  0.153E+00  0.132E+00  0.221E+00
 -7.960  0.493E+00  0.149E+00  0.139E+00  0.205E+00
 -7.940  0.478E+00  0.144E+00  0.146E+00  0.188E+00
 -7.920  0.461E+00  0.138E+00  0.152E+00  0.171E+00
 -7.900  0.444E+00  0.131E+00  0.159E+00  0.154E+00
 -7.880  0.425E+00  0.124E+00  0.164E+00  0.137E+00
 -7.860  0.406E+00  0.116E+00  0.169E+00  0.121E+00
 -7.840  0.387E+00  0.108E+00  0.172E+00  0.107E+00
 -7.820  0.368E+00  0.999E-01  0.175E+00  0.931E-01
 -7.800  0.349E+00  0.919E-01  0.176E+00  0.809E-01
 -7.780  0.331E+00  0.843E-01  0.177E+00  0.701E-01
 -7.760  0.314E+00  0.773E-01  0.176E+00  0.607E-01
 -7.740  0.298E+00  0.709E-01  0.174E+00  0.526E-01
 -7.720  0.282E+00  0.653E-01  0.171E+00  0.457E-01
 -7.700  0.268E+00  0.606E-01  0.167E+00  0.400E-01
 -7.680  0.254E+00  0.566E-01  0.162E+00  0.353E-01
 -7.660  0.242E+00  0.535E-01  0.157E+00  0.315E-01
 -7.640  0.231E+00  0.512E-01  0.151E+00  0.285E-01
 -7.620  0.220E+00  0.495E-01  0.144E+00  0.262E-01
 -7.600  0.210E+00  0.483E-01  0.138E+00  0.244E-01
 -7.580  0.201E+00  0.475E-01  0.131E+00  0.230E-01
 -7.560  0.193E+00  0.471E-01  0.124E+00  0.219E-01
 -7.540  0.185E+00  0.468E-01  0.117E+00  0.210E-01
 -7.520  0.177E+00  0.465E-01  0.110E+00  0.204E-01
 -7.500  0.170E+00  0.461E-01  0.104E+00  0.199E-01
 -7.480  0.163E+00  0.457E-01  0.977E-01  0.194E-01
 -7.460  0.156E+00  0.451E-01  0.922E-01  0.191E-01
 -7.440  0.150E+00  0.443E-01  0.871E-01  0.188E-01
 -7.420  0.145E+00  0.434E-01  0.827E-01  0.185E-01
 -7.400  0.140E+00  0.425E-01  0.788E-01  0.183E-01
 -7.380  0.135E+00  0.415E-01  0.755E-01  0.180E-01
 -7.360  0.131E+00  0.408E-01  0.728E-01  0.178E-01
 -7.340  0.129E+00  0.403E-01  0.707E-01  0.177E-01
 -7.320  0.127E+00  0.403E-01  0.692E-01  0.175E-01
 -7.300  0.126E+00  0.409E-01  0.682E-01  0.174E-01
 -7.280  0.127E+00  0.422E-01  0.677E-01  0.172E-01
 -7.260  0.129E+00  0.445E-01  0.677E-01  0.171E-01
 -7.240  0.133E+00  0.479E-01  0.680E-01  0.170E-01
 -7.220  0.138E+00  0.524E-01  0.687E-01  0.168E-01
 -7.200  0.145E+00  0.582E-01  0.696E-01  0.167E-01
 -7.180  0.153E+00  0.654E-01  0.707E-01  0.166E-01
 -7.160  0.162E+00  0.739E-01  0.720E-01  0.165E-01
 -7.140  0.173E+00  0.838E-01  0.732E-01  0.165E-01
 -7.120  0.186E+00  0.951E-01  0.744E-01  0.165E-01
 -7.100  0.200E+00  0.108E+00  0.755E-01  0.166E-01
 -7.080  0.215E+00  0.122E+00  0.764E-01  0.168E-01
 -7.060  0.231E+00  0.137E+00  0.772E-01  0.172E-01
 -7.040  0.248E+00  0.153E+00  0.777E-01  0.178E-01
 -7.020  0.267E+00  0.170E+00  0.780E-01  0.187E-01
 -7.000  0.286E+00  0.188E+00  0.780E-01  0.198E-01
 -6.980  0.307E+00  0.208E+00  0.778E-01  0.213E-01
 -6.960  0.329E+00  0.228E+00  0.774E-01  0.232E-01
 -6.940  0.351E+00  0.249E+00  0.769E-01  0.254E-01
 -6.920  0.375E+00  0.271E+00  0.763E-01  0.281E-01
 -6.900  0.400E+00  0.293E+00  0.757E-01  0.310E-01
 -6.880  0.425E+00  0.316E+00  0.752E-01  0.343E-01
 -6.860  0.451E+00  0.339E+00  0.747E-01  0.378E-01
 -6.840  0.478E+00  0.362E+00  0.745E-01  0.415E-01
 -6.820  0.505E+00  0.385E+00  0.745E-01  0.452E-01
 -6.800  0.531E+00  0.407E+00  0.748E-01  0.488E-01
 -6.780  0.556E+00  0.428E+00  0.755E-01  0.522E-01
 -6.760  0.580E+00  0.448E+00  0.766E-01  0.553E-01
 -6.740  0.601E+00  0.465E+00  0.781E-01  0.579E-01
 -6.720  0.620E+00  0.480E+00  0.800E-01  0.599E-01
 -6.700  0.635E+00  0.492E+00  0.823E-01  0.612E-01
 -6.680  0.647E+00  0.500E+00  0.849E-01  0.618E-01
 -6.660  0.654E+00  0.505E+00  0.878E-01  0.616E-01
 -6.640  0.657E+00  0.505E+00  0.908E-01  0.605E-01
 -6.620  0.655E+00  0.502E+00  0.939E-01  0.587E-01
 -6.600  0.648E+00  0.495E+00  0.970E-01  0.561E-01
 -6.580  0.637E+00  0.484E+00  0.999E-01  0.529E-01
 -6.560  0.621E+00  0.470E+00  0.102E+00  0.491E-01
 -6.540  0.602E+00  0.452E+00  0.105E+00  0.449E-01
 -6.520  0.579E+00  0.432E+00  0.106E+00  0.404E-01
 -6.500  0.553E+00  0.411E+00  0.107E+00  0.357E-01
 -6.480  0.525E+00  0.387E+00  0.107E+00  0.311E-01
 -6.460  0.496E+00  0.363E+00  0.106E+00  0.265E-01
 -6.440  0.466E+00  0.339E+00  0.104E+00  0.221E-01
 -6.420  0.435E+00  0.315E+00  0.102E+00  0.181E-01
 -6.400  0.404E+00  0.292E+00  0.978E-01  0.144E-01
 -6.380  0.374E+00  0.270E+00  0.932E-01  0.112E-01
 -6.360  0.346E+00  0.250E+00  0.877E-01  0.837E-02
 -6.340  0.319E+00  0.231E+00  0.815E-01  0.603E-02
 -6.320  0.294E+00  0.215E+00  0.747E-01  0.414E-02
 -6.300  0.271E+00  0.201E+00  0.675E-01  0.266E-02
 -6.280  0.251E+00  0.190E+00  0.600E-01  0.157E-02
 -6.260  0.234E+00  0.181E+00  0.525E-01  0.813E-03
 -6.240  0.219E+00  0.174E+00  0.450E-01  0.347E-03
 -6.220  0.207E+00  0.169E+00  0.378E-01  0.119E-03
 -6.200  0.198E+00  0.167E+00  0.311E-01  0.826E-04
 -6.180  0.192E+00  0.167E+00  0.248E-01  0.190E-03
 -6.160  0.187E+00  0.168E+00  0.191E-01  0.401E-03
 -6.140  0.185E+00  0.170E+00  0.141E-01  0.678E-03
 -6.120  0.185E+00  0.174E+00  0.979E-02  0.991E-03
 -6.100  0.185E+00  0.178E+00  0.617E-02  0.131E-02
 -6.080  0.187E+00  0.182E+00  0.323E-02  0.163E-02
 -6.060  0.188E+00  0.186E+00  0.916E-03  0.191E-02
 -6.040  0.190E+00  0.189E+00 -0.820E-03  0.216E-02
 -6.020  0.192E+00  0.191E+00 -0.205E-02  0.236E-02
 -6.000  0.192E+00  0.192E+00 -0.284E-02  0.252E-02
 -5.980  0.192E+00  0.192E+00 -0.328E-02  0.263E-02
 -5.960  0.190E+00  0.191E+00 -0.344E-02  0.268E-02
 -5.940  0.187E+00  0.188E+00 -0.338E-02  0.270E-02
 -5.920  0.183E+00  0.183E+00 -0.318E-02  0.267E-02
 -5.900  0.178E+00  0.178E+00 -0.287E-02  0.262E-02
 -5.880  0.171E+00  0.171E+00 -0.250E-02  0.253E-02
 -5.860  0.164E+00  0.164E+00 -0.211E-02  0.243E-02
 -5.840  0.157E+00  0.156E+00 -0.172E-02  0.232E-02
 -5.820  0.149E+00  0.149E+00 -0.135E-02  0.220E-02
 -5.800  0.142E+00  0.141E+00 -0.101E-02  0.209E-02
 -5.780  0.135E+00  0.133E+00 -0.696E-03  0.199E-02
 -5.760  0.128E+00  0.127E+00 -0.422E-03  0.189E-02
 -5.740  0.122E+00  0.121E+00 -0.183E-03  0.182E-02
 -5.720  0.118E+00  0.116E+00  0.248E-04  0.176E-02
 -5.700  0.114E+00  0.112E+00  0.205E-03  0.172E-02
 -5.680  0.110E+00  0.108E+00  0.361E-03  0.170E-02
 -5.660  0.108E+00  0.106E+00  0.497E-03  0.170E-02
 -5.640  0.106E+00  0.104E+00  0.616E-03  0.171E-02
 -5.620  0.105E+00  0.103E+00  0.720E-03  0.173E-02
 -5.600  0.105E+00  0.102E+00  0.811E-03  0.176E-02
 -5.580  0.104E+00  0.101E+00  0.891E-03  0.179E-02
 -5.560  0.104E+00  0.101E+00  0.959E-03  0.183E-02
 -5.540  0.103E+00  0.100E+00  0.102E-02  0.186E-02
 -5.520  0.102E+00  0.994E-01  0.106E-02  0.188E-02
 -5.500  0.101E+00  0.984E-01  0.110E-02  0.190E-02
 -5.480  0.100E+00  0.972E-01  0.112E-02  0.191E-02
 -5.460  0.988E-01  0.958E-01  0.114E-02  0.191E-02
 -5.440  0.973E-01  0.943E-01  0.114E-02  0.190E-02
 -5.420  0.959E-01  0.929E-01  0.113E-02  0.188E-02
 -5.400  0.947E-01  0.918E-01  0.111E-02  0.186E-02
 -5.380  0.939E-01  0.910E-01  0.109E-02  0.183E-02
 -5.360  0.937E-01  0.909E-01  0.106E-02  0.180E-02
 -5.340  0.944E-01  0.916E-01  0.102E-02  0.177E-02
 -5.320  0.959E-01  0.932E-01  0.978E-03  0.174E-02
 -5.300  0.986E-01  0.960E-01  0.936E-03  0.172E-02
 -5.280  0.103E+00  0.999E-01  0.894E-03  0.171E-02
 -5.260  0.108E+00  0.105E+00  0.853E-03  0.171E-02
 -5.240  0.114E+00  0.112E+00  0.815E-03  0.171E-02
 -5.220  0.122E+00  0.119E+00  0.781E-03  0.173E-02
 -5.200  0.130E+00  0.128E+00  0.751E-03  0.176E-02
 -5.180  0.140E+00  0.138E+00  0.726E-03  0.180E-02
 -5.160  0.151E+00  0.148E+00  0.705E-03  0.186E-02
 -5.140  0.162E+00  0.159E+00  0.689E-03  0.192E-02
 -5.120  0.174E+00  0.171E+00  0.675E-03  0.200E-02
 -5.100  0.187E+00  0.184E+00  0.663E-03  0.210E-02
 -5.080  0.200E+00  0.197E+00  0.653E-03  0.221E-02
 -5.060  0.214E+00  0.211E+00  0.642E-03  0.234E-02
 -5.040  0.229E+00  0.226E+00  0.631E-03  0.249E-02
 -5.020  0.245E+00  0.241E+00  0.619E-03  0.267E-02
 -5.000  0.262E+00  0.258E+00  0.604E-03  0.288E-02
 -4.980  0.281E+00  0.277E+00  0.587E-03  0.312E-02
 -4.960  0.301E+00  0.297E+00  0.567E-03  0.339E-02
 -4.940  0.323E+00  0.318E+00  0.544E-03  0.370E-02
 -4.920  0.346E+00  0.342E+00  0.519E-03  0.403E-02
 -4.900  0.371E+00  0.366E+00  0.492E-03  0.440E-02
 -4.880  0.397E+00  0.392E+00  0.463E-03  0.478E-02
 -4.860  0.424E+00  0.418E+00  0.433E-03  0.518E-02
 -4.840  0.451E+00  0.445E+00  0.403E-03  0.558E-02
 -4.820  0.476E+00  0.470E+00  0.373E-03  0.596E-02
 -4.800  0.499E+00  0.493E+00  0.343E-03  0.631E-02
 -4.780  0.519E+00  0.512E+00  0.314E-03  0.662E-02
 -4.760  0.535E+00  0.528E+00  0.286E-03  0.687E-02
 -4.740  0.546E+00  0.539E+00  0.260E-03  0.705E-02
 -4.720  0.551E+00  0.543E+00  0.235E-03  0.714E-02
 -4.700  0.549E+00  0.541E+00  0.212E-03  0.714E-02
 -4.680  0.540E+00  0.533E+00  0.191E-03  0.704E-02
 -4.660  0.524E+00  0.517E+00  0.172E-03  0.685E-02
 -4.640  0.501E+00  0.494E+00  0.155E-03  0.657E-02
 -4.620  0.472E+00  0.466E+00  0.140E-03  0.620E-02
 -4.600  0.438E+00  0.432E+00  0.127E-03  0.575E-02
 -4.580  0.399E+00  0.394E+00  0.116E-03  0.526E-02
 -4.560  0.357E+00  0.353E+00  0.106E-03  0.472E-02
 -4.540  0.314E+00  0.310E+00  0.992E-04  0.416E-02
 -4.520  0.270E+00  0.267E+00  0.940E-04  0.359E-02
 -4.500  0.228E+00  0.224E+00  0.905E-04  0.304E-02
 -4.480  0.187E+00  0.184E+00  0.887E-04  0.252E-02
 -4.460  0.149E+00  0.147E+00  0.886E-04  0.203E-02
 -4.440  0.115E+00  0.113E+00  0.899E-04  0.160E-02
 -4.420  0.851E-01  0.838E-01  0.924E-04  0.122E-02
 -4.400  0.596E-01  0.586E-01  0.961E-04  0.895E-03
 -4.380  0.387E-01  0.380E-01  0.101E-03  0.634E-03
 -4.360  0.221E-01  0.216E-01  0.106E-03  0.431E-03
 -4.340  0.960E-02  0.921E-02  0.112E-03  0.280E-03
 -4.320  0.722E-03  0.426E-03  0.118E-03  0.177E-03
 -4.300 -0.500E-02 -0.524E-02  0.125E-03  0.116E-03
 -4.280 -0.810E-02 -0.832E-02  0.132E-03  0.881E-04
 -4.260 -0.910E-02 -0.933E-02  0.139E-03  0.877E-04
 -4.240 -0.850E-02 -0.876E-02  0.147E-03  0.108E-03
 -4.220 -0.675E-02 -0.705E-02  0.154E-03  0.143E-03
 -4.200 -0.424E-02 -0.459E-02  0.162E-03  0.189E-03
 -4.180 -0.130E-02 -0.171E-02  0.170E-03  0.240E-03
 -4.160  0.182E-02  0.135E-02  0.179E-03  0.293E-03
 -4.140  0.494E-02  0.440E-02  0.188E-03  0.347E-03
 -4.120  0.790E-02  0.731E-02  0.198E-03  0.401E-03
 -4.100  0.106E-01  0.999E-02  0.209E-03  0.452E-03
 -4.080  0.131E-01  0.124E-01  0.221E-03  0.501E-03
 -4.060  0.153E-01  0.145E-01  0.234E-03  0.548E-03
 -4.040  0.172E-01  0.164E-01  0.248E-03  0.593E-03
 -4.020  0.189E-01  0.180E-01  0.265E-03  0.637E-03
 -4.000  0.204E-01  0.194E-01  0.282E-03  0.679E-03
 -3.980  0.216E-01  0.206E-01  0.302E-03  0.721E-03
 -3.960  0.227E-01  0.216E-01  0.323E-03  0.763E-03
 -3.940  0.236E-01  0.225E-01  0.345E-03  0.804E-03
 -3.920  0.245E-01  0.233E-01  0.368E-03  0.845E-03
 -3.900  0.252E-01  0.239E-01  0.392E-03  0.884E-03
 -3.880  0.257E-01  0.244E-01  0.415E-03  0.922E-03
 -3.860  0.262E-01  0.248E-01  0.438E-03  0.956E-03
 -3.840  0.265E-01  0.250E-01  0.459E-03  0.986E-03
 -3.820  0.266E-01  0.252E-01  0.478E-03  0.101E-02
 -3.800  0.266E-01  0.251E-01  0.494E-03  0.103E-02
 -3.780  0.264E-01  0.249E-01  0.506E-03  0.104E-02
 -3.760  0.260E-01  0.245E-01  0.513E-03  0.104E-02
 -3.740  0.254E-01  0.238E-01  0.515E-03  0.103E-02
 -3.720  0.246E-01  0.230E-01  0.511E-03  0.102E-02
 -3.700  0.235E-01  0.220E-01  0.502E-03  0.988E-03
 -3.680  0.223E-01  0.208E-01  0.486E-03  0.949E-03
 -3.660  0.208E-01  0.195E-01  0.465E-03  0.900E-03
 -3.640  0.192E-01  0.180E-01  0.439E-03  0.842E-03
 -3.620  0.175E-01  0.163E-01  0.408E-03  0.777E-03
 -3.600  0.157E-01  0.146E-01  0.374E-03  0.706E-03
 -3.580  0.139E-01  0.129E-01  0.336E-03  0.630E-03
 -3.560  0.120E-01  0.111E-01  0.297E-03  0.553E-03
 -3.540  0.101E-01  0.941E-02  0.257E-03  0.475E-03
 -3.520  0.835E-02  0.773E-02  0.218E-03  0.399E-03
 -3.500  0.665E-02  0.614E-02  0.180E-03  0.326E-03
 -3.480  0.505E-02  0.465E-02  0.144E-03  0.258E-03
 -3.460  0.358E-02  0.328E-02  0.111E-03  0.195E-03
 -3.440  0.224E-02  0.202E-02  0.807E-04  0.139E-03
 -3.420  0.103E-02  0.882E-03  0.542E-04  0.900E-04
 -3.400 -0.729E-04 -0.152E-03  0.313E-04  0.476E-04
 -3.380 -0.107E-02 -0.110E-02  0.119E-04  0.118E-04
 -3.360 -0.200E-02 -0.198E-02 -0.422E-05 -0.178E-04
 -3.340 -0.288E-02 -0.282E-02 -0.175E-04 -0.418E-04
 -3.320 -0.372E-02 -0.364E-02 -0.283E-04 -0.612E-04
 -3.300 -0.457E-02 -0.446E-02 -0.372E-04 -0.766E-04
 -3.280 -0.543E-02 -0.530E-02 -0.446E-04 -0.890E-04
 -3.260 -0.631E-02 -0.616E-02 -0.512E-04 -0.988E-04
 -3.240 -0.720E-02 -0.704E-02 -0.572E-04 -0.107E-03
 -3.220 -0.809E-02 -0.791E-02 -0.630E-04 -0.113E-03
 -3.200 -0.892E-02 -0.874E-02 -0.688E-04 -0.117E-03
 -3.180 -0.965E-02 -0.945E-02 -0.748E-04 -0.120E-03
 -3.160 -0.102E-01 -0.997E-02 -0.807E-04 -0.120E-03
 -3.140 -0.104E-01 -0.102E-01 -0.862E-04 -0.116E-03
 -3.120 -0.102E-01 -0.996E-02 -0.909E-04 -0.108E-03
 -3.100 -0.933E-02 -0.914E-02 -0.938E-04 -0.934E-04
 -3.080 -0.773E-02 -0.757E-02 -0.941E-04 -0.712E-04
 -3.060 -0.519E-02 -0.506E-02 -0.905E-04 -0.395E-04
 -3.040 -0.151E-02 -0.143E-02 -0.817E-04  0.324E-05
 -3.020  0.348E-02  0.349E-02 -0.658E-04  0.586E-04
 -3.000  0.992E-02  0.984E-02 -0.414E-04  0.128E-03
 -2.980  0.179E-01  0.177E-01 -0.666E-05  0.212E-03
 -2.960  0.276E-01  0.273E-01  0.402E-04  0.310E-03
 -2.940  0.390E-01  0.384E-01  0.101E-03  0.424E-03
 -2.920  0.519E-01  0.512E-01  0.176E-03  0.551E-03
 -2.900  0.664E-01  0.654E-01  0.267E-03  0.690E-03
 -2.880  0.822E-01  0.810E-01  0.374E-03  0.839E-03
 -2.860  0.989E-01  0.975E-01  0.496E-03  0.993E-03
 -2.840  0.116E+00  0.115E+00  0.633E-03  0.115E-02
 -2.820  0.134E+00  0.132E+00  0.783E-03  0.131E-02
 -2.800  0.152E+00  0.149E+00  0.942E-03  0.145E-02
 -2.780  0.168E+00  0.166E+00  0.111E-02  0.159E-02
 -2.760  0.184E+00  0.181E+00  0.128E-02  0.171E-02
 -2.740  0.197E+00  0.194E+00  0.144E-02  0.181E-02
 -2.720  0.209E+00  0.206E+00  0.160E-02  0.189E-02
 -2.700  0.218E+00  0.214E+00  0.174E-02  0.194E-02
 -2.680  0.224E+00  0.220E+00  0.187E-02  0.197E-02
 -2.660  0.227E+00  0.223E+00  0.197E-02  0.196E-02
 -2.640  0.227E+00  0.223E+00  0.204E-02  0.193E-02
 -2.620  0.223E+00  0.219E+00  0.208E-02  0.187E-02
 -2.600  0.216E+00  0.212E+00  0.209E-02  0.178E-02
 -2.580  0.207E+00  0.203E+00  0.207E-02  0.167E-02
 -2.560  0.195E+00  0.191E+00  0.202E-02  0.155E-02
 -2.540  0.180E+00  0.177E+00  0.193E-02  0.141E-02
 -2.520  0.164E+00  0.161E+00  0.182E-02  0.125E-02
 -2.500  0.147E+00  0.144E+00  0.168E-02  0.110E-02
 -2.480  0.129E+00  0.127E+00  0.153E-02  0.941E-03
 -2.460  0.111E+00  0.109E+00  0.137E-02  0.788E-03
 -2.440  0.940E-01  0.921E-01  0.121E-02  0.643E-03
 -2.420  0.772E-01  0.757E-01  0.104E-02  0.508E-03
 -2.400  0.616E-01  0.603E-01  0.888E-03  0.386E-03
 -2.380  0.475E-01  0.464E-01  0.746E-03  0.279E-03
 -2.360  0.350E-01  0.342E-01  0.621E-03  0.189E-03
 -2.340  0.243E-01  0.236E-01  0.516E-03  0.115E-03
 -2.320  0.154E-01  0.149E-01  0.433E-03  0.588E-04
 -2.300  0.829E-02  0.790E-02  0.373E-03  0.187E-04
 -2.280  0.294E-02  0.261E-02  0.335E-03 -0.572E-05
 -2.260 -0.818E-03 -0.112E-02  0.317E-03 -0.155E-04
 -2.240 -0.314E-02 -0.344E-02  0.318E-03 -0.120E-04
 -2.220 -0.420E-02 -0.454E-02  0.335E-03  0.326E-05
 -2.200 -0.421E-02 -0.460E-02  0.362E-03  0.289E-04
 -2.180 -0.335E-02 -0.381E-02  0.398E-03  0.633E-04
 -2.160 -0.181E-02 -0.236E-02  0.438E-03  0.105E-03
 -2.140  0.236E-03 -0.395E-03  0.479E-03  0.153E-03
 -2.120  0.264E-02  0.192E-02  0.517E-03  0.205E-03
 -2.100  0.528E-02  0.447E-02  0.549E-03  0.261E-03
 -2.080  0.805E-02  0.716E-02  0.575E-03  0.320E-03
 -2.060  0.109E-01  0.989E-02  0.591E-03  0.380E-03
 -2.040  0.136E-01  0.126E-01  0.598E-03  0.441E-03
 -2.020  0.164E-01  0.153E-01  0.594E-03  0.503E-03
 -2.000  0.190E-01  0.179E-01  0.581E-03  0.564E-03
 -1.980  0.215E-01  0.203E-01  0.559E-03  0.626E-03
 -1.960  0.239E-01  0.227E-01  0.530E-03  0.686E-03
 -1.940  0.262E-01  0.249E-01  0.494E-03  0.745E-03
 -1.920  0.283E-01  0.270E-01  0.454E-03  0.803E-03
 -1.900  0.303E-01  0.290E-01  0.411E-03  0.860E-03
 -1.880  0.321E-01  0.308E-01  0.366E-03  0.914E-03
 -1.860  0.337E-01  0.324E-01  0.321E-03  0.965E-03
 -1.840  0.351E-01  0.338E-01  0.277E-03  0.101E-02
 -1.820  0.362E-01  0.349E-01  0.235E-03  0.106E-02
 -1.800  0.371E-01  0.358E-01  0.196E-03  0.109E-02
 -1.780  0.377E-01  0.364E-01  0.160E-03  0.113E-02
 -1.760  0.380E-01  0.367E-01  0.129E-03  0.115E-02
 -1.740  0.380E-01  0.367E-01  0.100E-03  0.117E-02
 -1.720  0.378E-01  0.365E-01  0.761E-04  0.119E-02
 -1.700  0.374E-01  0.362E-01  0.554E-04  0.120E-02
 -1.680  0.372E-01  0.359E-01  0.382E-04  0.121E-02
 -1.660  0.372E-01  0.359E-01  0.243E-04  0.121E-02
 -1.640  0.378E-01  0.365E-01  0.134E-04  0.123E-02
 -1.620  0.393E-01  0.381E-01  0.550E-05  0.125E-02
 -1.600  0.423E-01  0.410E-01  0.380E-06  0.130E-02
 -1.580  0.473E-01  0.459E-01 -0.196E-05  0.138E-02
 -1.560  0.546E-01  0.531E-01 -0.152E-05  0.149E-02
 -1.540  0.650E-01  0.633E-01  0.179E-05  0.165E-02
 -1.520  0.788E-01  0.770E-01  0.805E-05  0.186E-02
 -1.500  0.965E-01  0.944E-01  0.174E-04  0.214E-02
 -1.480  0.118E+00  0.116E+00  0.299E-04  0.248E-02
 -1.460  0.145E+00  0.142E+00  0.457E-04  0.289E-02
 -1.440  0.175E+00  0.172E+00  0.646E-04  0.338E-02
 -1.420  0.209E+00  0.205E+00  0.866E-04  0.392E-02
 -1.400  0.247E+00  0.242E+00  0.111E-03  0.452E-02
 -1.380  0.287E+00  0.282E+00  0.139E-03  0.517E-02
 -1.360  0.329E+00  0.323E+00  0.168E-03  0.583E-02
 -1.340  0.371E+00  0.364E+00  0.198E-03  0.650E-02
 -1.320  0.412E+00  0.404E+00  0.229E-03  0.715E-02
 -1.300  0.451E+00  0.443E+00  0.260E-03  0.776E-02
 -1.280  0.485E+00  0.477E+00  0.289E-03  0.830E-02
 -1.260  0.515E+00  0.506E+00  0.315E-03  0.875E-02
 -1.240  0.539E+00  0.530E+00  0.339E-03  0.910E-02
 -1.220  0.556E+00  0.546E+00  0.358E-03  0.932E-02
 -1.200  0.566E+00  0.556E+00  0.373E-03  0.941E-02
 -1.180  0.567E+00  0.557E+00  0.382E-03  0.936E-02
 -1.160  0.561E+00  0.551E+00  0.387E-03  0.918E-02
 -1.140  0.547E+00  0.538E+00  0.386E-03  0.887E-02
 -1.120  0.527E+00  0.518E+00  0.380E-03  0.845E-02
 -1.100  0.501E+00  0.493E+00  0.369E-03  0.793E-02
 -1.080  0.471E+00  0.463E+00  0.355E-03  0.734E-02
 -1.060  0.437E+00  0.430E+00  0.338E-03  0.669E-02
 -1.040  0.401E+00  0.394E+00  0.320E-03  0.600E-02
 -1.020  0.363E+00  0.358E+00  0.302E-03  0.531E-02
 -1.000  0.326E+00  0.322E+00  0.285E-03  0.463E-02
 -0.980  0.291E+00  0.286E+00  0.271E-03  0.397E-02
 -0.960  0.257E+00  0.253E+00  0.260E-03  0.336E-02
 -0.940  0.226E+00  0.223E+00  0.256E-03  0.281E-02
 -0.920  0.198E+00  0.195E+00  0.257E-03  0.232E-02
 -0.900  0.174E+00  0.171E+00  0.266E-03  0.189E-02
 -0.880  0.153E+00  0.151E+00  0.283E-03  0.154E-02
 -0.860  0.136E+00  0.134E+00  0.309E-03  0.126E-02
 -0.840  0.122E+00  0.120E+00  0.344E-03  0.104E-02
 -0.820  0.111E+00  0.110E+00  0.388E-03  0.883E-03
 -0.800  0.104E+00  0.103E+00  0.441E-03  0.777E-03
 -0.780  0.987E-01  0.975E-01  0.502E-03  0.716E-03
 -0.760  0.958E-01  0.945E-01  0.571E-03  0.693E-03
 -0.740  0.945E-01  0.932E-01  0.647E-03  0.698E-03
 -0.720  0.946E-01  0.932E-01  0.728E-03  0.724E-03
 -0.700  0.956E-01  0.940E-01  0.812E-03  0.765E-03
 -0.680  0.971E-01  0.954E-01  0.899E-03  0.813E-03
 -0.660  0.989E-01  0.970E-01  0.986E-03  0.863E-03
 -0.640  0.100E+00  0.985E-01  0.107E-02  0.909E-03
 -0.620  0.102E+00  0.997E-01  0.115E-02  0.949E-03
 -0.600  0.102E+00  0.100E+00  0.122E-02  0.978E-03
 -0.580  0.102E+00  0.100E+00  0.129E-02  0.995E-03
 -0.560  0.102E+00  0.994E-01  0.134E-02  0.998E-03
 -0.540  0.100E+00  0.977E-01  0.138E-02  0.987E-03
 -0.520  0.975E-01  0.951E-01  0.140E-02  0.960E-03
 -0.500  0.941E-01  0.917E-01  0.140E-02  0.918E-03
 -0.480  0.899E-01  0.877E-01  0.139E-02  0.862E-03
 -0.460  0.851E-01  0.830E-01  0.135E-02  0.793E-03
 -0.440  0.798E-01  0.778E-01  0.130E-02  0.713E-03
 -0.420  0.742E-01  0.723E-01  0.123E-02  0.625E-03
 -0.400  0.684E-01  0.667E-01  0.115E-02  0.530E-03
 -0.380  0.626E-01  0.611E-01  0.105E-02  0.432E-03
 -0.360  0.571E-01  0.559E-01  0.941E-03  0.335E-03
 -0.340  0.521E-01  0.510E-01  0.829E-03  0.244E-03
 -0.320  0.477E-01  0.469E-01  0.717E-03  0.162E-03
 -0.300  0.442E-01  0.435E-01  0.610E-03  0.972E-04
 -0.280  0.417E-01  0.411E-01  0.513E-03  0.546E-04
 -0.260  0.403E-01  0.398E-01  0.432E-03  0.416E-04
 -0.240  0.402E-01  0.398E-01  0.373E-03  0.654E-04
 -0.220  0.415E-01  0.410E-01  0.340E-03  0.134E-03
 -0.200  0.441E-01  0.436E-01  0.339E-03  0.253E-03
 -0.180  0.482E-01  0.474E-01  0.374E-03  0.431E-03
 -0.160  0.537E-01  0.525E-01  0.447E-03  0.674E-03
 -0.140  0.604E-01  0.588E-01  0.561E-03  0.984E-03
 -0.120  0.683E-01  0.662E-01  0.718E-03  0.137E-02
 -0.100  0.772E-01  0.745E-01  0.916E-03  0.182E-02
 -0.080  0.870E-01  0.835E-01  0.116E-02  0.235E-02
 -0.060  0.974E-01  0.931E-01  0.144E-02  0.294E-02
 -0.040  0.108E+00  0.103E+00  0.175E-02  0.360E-02
 -0.020  0.119E+00  0.113E+00  0.210E-02  0.431E-02
 -0.000  0.131E+00  0.123E+00  0.248E-02  0.507E-02
  0.020  0.142E+00  0.133E+00  0.289E-02  0.587E-02
  0.040  0.153E+00  0.143E+00  0.333E-02  0.670E-02
  0.060  0.163E+00  0.152E+00  0.380E-02  0.756E-02
  0.080  0.174E+00  0.161E+00  0.430E-02  0.842E-02
  0.100  0.183E+00  0.169E+00  0.484E-02  0.930E-02
  0.120  0.193E+00  0.177E+00  0.544E-02  0.102E-01
  0.140  0.202E+00  0.185E+00  0.609E-02  0.110E-01
  0.160  0.211E+00  0.192E+00  0.683E-02  0.119E-01
  0.180  0.219E+00  0.199E+00  0.766E-02  0.127E-01
  0.200  0.227E+00  0.205E+00  0.861E-02  0.136E-01
  0.220  0.235E+00  0.211E+00  0.969E-02  0.144E-01
  0.240  0.242E+00  0.216E+00  0.109E-01  0.152E-01
  0.260  0.249E+00  0.221E+00  0.123E-01  0.159E-01
  0.280  0.256E+00  0.225E+00  0.139E-01  0.166E-01
  0.300  0.262E+00  0.229E+00  0.156E-01  0.173E-01
  0.320  0.267E+00  0.232E+00  0.175E-01  0.179E-01
  0.340  0.271E+00  0.233E+00  0.195E-01  0.184E-01
  0.360  0.274E+00  0.234E+00  0.216E-01  0.188E-01
  0.380  0.276E+00  0.233E+00  0.238E-01  0.191E-01
  0.400  0.276E+00  0.231E+00  0.260E-01  0.193E-01
  0.420  0.274E+00  0.227E+00  0.283E-01  0.194E-01
  0.440  0.271E+00  0.221E+00  0.304E-01  0.193E-01
  0.460  0.266E+00  0.214E+00  0.325E-01  0.192E-01
  0.480  0.259E+00  0.205E+00  0.343E-01  0.189E-01
  0.500  0.250E+00  0.195E+00  0.360E-01  0.185E-01
  0.520  0.240E+00  0.184E+00  0.374E-01  0.181E-01
  0.540  0.228E+00  0.172E+00  0.385E-01  0.176E-01
  0.560  0.216E+00  0.160E+00  0.393E-01  0.171E-01
  0.580  0.203E+00  0.147E+00  0.398E-01  0.166E-01
  0.600  0.190E+00  0.134E+00  0.400E-01  0.161E-01
  0.620  0.177E+00  0.121E+00  0.398E-01  0.156E-01
  0.640  0.164E+00  0.110E+00  0.394E-01  0.152E-01
  0.660  0.152E+00  0.989E-01  0.386E-01  0.149E-01
  0.680  0.142E+00  0.897E-01  0.377E-01  0.146E-01
  0.700  0.133E+00  0.819E-01  0.365E-01  0.144E-01
  0.720  0.125E+00  0.759E-01  0.352E-01  0.143E-01
  0.740  0.120E+00  0.718E-01  0.337E-01  0.142E-01
  0.760  0.116E+00  0.694E-01  0.322E-01  0.142E-01
  0.780  0.114E+00  0.689E-01  0.305E-01  0.143E-01
  0.800  0.113E+00  0.701E-01  0.288E-01  0.143E-01
  0.820  0.114E+00  0.728E-01  0.271E-01  0.144E-01
  0.840  0.117E+00  0.768E-01  0.254E-01  0.145E-01
  0.860  0.120E+00  0.819E-01  0.237E-01  0.145E-01
  0.880  0.124E+00  0.877E-01  0.221E-01  0.145E-01
  0.900  0.129E+00  0.939E-01  0.204E-01  0.144E-01
  0.920  0.133E+00  0.100E+00  0.188E-01  0.143E-01
  0.940  0.137E+00  0.106E+00  0.173E-01  0.140E-01
  0.960  0.141E+00  0.112E+00  0.158E-01  0.137E-01
  0.980  0.144E+00  0.116E+00  0.143E-01  0.133E-01
  1.000  0.145E+00  0.120E+00  0.129E-01  0.127E-01
  1.020  0.146E+00  0.122E+00  0.116E-01  0.121E-01
  1.040  0.144E+00  0.123E+00  0.103E-01  0.114E-01
  1.060  0.142E+00  0.122E+00  0.902E-02  0.107E-01
  1.080  0.137E+00  0.120E+00  0.783E-02  0.983E-02
  1.100  0.132E+00  0.116E+00  0.672E-02  0.897E-02
  1.120  0.124E+00  0.111E+00  0.567E-02  0.808E-02
  1.140  0.116E+00  0.104E+00  0.470E-02  0.720E-02
  1.160  0.107E+00  0.971E-01  0.382E-02  0.632E-02
  1.180  0.975E-01  0.890E-01  0.301E-02  0.547E-02
  1.200  0.873E-01  0.803E-01  0.230E-02  0.465E-02
  1.220  0.769E-01  0.714E-01  0.167E-02  0.389E-02
  1.240  0.666E-01  0.623E-01  0.113E-02  0.319E-02
  1.260  0.566E-01  0.534E-01  0.674E-03  0.255E-02
  1.280  0.471E-01  0.448E-01  0.301E-03  0.199E-02
  1.300  0.383E-01  0.368E-01  0.342E-05  0.149E-02
  1.320  0.302E-01  0.294E-01 -0.225E-03  0.106E-02
  1.340  0.230E-01  0.227E-01 -0.391E-03  0.705E-03
  1.360  0.167E-01  0.168E-01 -0.503E-03  0.411E-03
  1.380  0.113E-01  0.117E-01 -0.570E-03  0.175E-03
  1.400  0.679E-02  0.740E-02 -0.599E-03 -0.882E-05
  1.420  0.314E-02  0.389E-02 -0.599E-03 -0.146E-03
  1.440  0.278E-03  0.110E-02 -0.577E-03 -0.244E-03
  1.460 -0.188E-02 -0.103E-02 -0.539E-03 -0.308E-03
  1.480 -0.341E-02 -0.258E-02 -0.492E-03 -0.345E-03
  1.500 -0.443E-02 -0.363E-02 -0.438E-03 -0.360E-03
  1.520 -0.500E-02 -0.426E-02 -0.383E-03 -0.358E-03
  1.540 -0.523E-02 -0.456E-02 -0.329E-03 -0.344E-03
  1.560 -0.520E-02 -0.460E-02 -0.278E-03 -0.321E-03
  1.580 -0.497E-02 -0.444E-02 -0.231E-03 -0.293E-03
  1.600 -0.460E-02 -0.415E-02 -0.190E-03 -0.262E-03
  1.620 -0.416E-02 -0.377E-02 -0.153E-03 -0.230E-03
  1.640 -0.367E-02 -0.335E-02 -0.122E-03 -0.198E-03
  1.660 -0.318E-02 -0.292E-02 -0.962E-04 -0.169E-03
  1.680 -0.271E-02 -0.249E-02 -0.748E-04 -0.141E-03
  1.700 -0.226E-02 -0.209E-02 -0.574E-04 -0.117E-03
  1.720 -0.186E-02 -0.173E-02 -0.435E-04 -0.951E-04
  1.740 -0.151E-02 -0.140E-02 -0.327E-04 -0.766E-04
  1.760 -0.121E-02 -0.112E-02 -0.242E-04 -0.608E-04
  1.780 -0.954E-03 -0.888E-03 -0.177E-04 -0.477E-04
  1.800 -0.742E-03 -0.692E-03 -0.129E-04 -0.370E-04
  1.820 -0.570E-03 -0.532E-03 -0.922E-05 -0.283E-04
  1.840 -0.432E-03 -0.404E-03 -0.654E-05 -0.214E-04
  1.860 -0.323E-03 -0.303E-03 -0.459E-05 -0.160E-04
  1.880 -0.239E-03 -0.224E-03 -0.319E-05 -0.118E-04
  1.900 -0.174E-03 -0.164E-03 -0.219E-05 -0.863E-05
  1.920 -0.126E-03 -0.118E-03 -0.149E-05 -0.623E-05
  1.940 -0.896E-04 -0.842E-04 -0.100E-05 -0.444E-05
  1.960 -0.631E-04 -0.593E-04 -0.668E-06 -0.313E-05
  1.980 -0.439E-04 -0.413E-04 -0.441E-06 -0.218E-05
  2.000 -0.302E-04 -0.284E-04 -0.288E-06 -0.150E-05
  2.020 -0.205E-04 -0.193E-04 -0.186E-06 -0.102E-05
  2.040 -0.138E-04 -0.130E-04 -0.119E-06 -0.687E-06
