# E (eV)   ldos(E)   pdos(E)    pdos(E)    pdos(E)   
-22.785 -0.640E-05 -0.483E-07 -0.355E-05 -0.280E-05
-22.765 -0.948E-05 -0.712E-07 -0.524E-05 -0.417E-05
-22.745 -0.139E-04 -0.104E-06 -0.765E-05 -0.612E-05
-22.725 -0.200E-04 -0.149E-06 -0.110E-04 -0.887E-05
-22.705 -0.286E-04 -0.211E-06 -0.157E-04 -0.127E-04
-22.685 -0.402E-04 -0.296E-06 -0.220E-04 -0.180E-04
-22.665 -0.559E-04 -0.409E-06 -0.304E-04 -0.250E-04
-22.645 -0.766E-04 -0.557E-06 -0.415E-04 -0.345E-04
-22.625 -0.104E-03 -0.749E-06 -0.560E-04 -0.468E-04
-22.605 -0.138E-03 -0.992E-06 -0.743E-04 -0.627E-04
-22.585 -0.181E-03 -0.130E-05 -0.973E-04 -0.829E-04
-22.565 -0.235E-03 -0.167E-05 -0.125E-03 -0.108E-03
-22.545 -0.300E-03 -0.211E-05 -0.159E-03 -0.138E-03
-22.525 -0.376E-03 -0.263E-05 -0.199E-03 -0.175E-03
-22.505 -0.464E-03 -0.322E-05 -0.244E-03 -0.217E-03
-22.485 -0.563E-03 -0.387E-05 -0.294E-03 -0.265E-03
-22.465 -0.670E-03 -0.456E-05 -0.347E-03 -0.318E-03
-22.445 -0.781E-03 -0.525E-05 -0.402E-03 -0.374E-03
-22.425 -0.889E-03 -0.591E-05 -0.454E-03 -0.430E-03
-22.405 -0.988E-03 -0.647E-05 -0.498E-03 -0.484E-03
-22.385 -0.106E-02 -0.685E-05 -0.529E-03 -0.529E-03
-22.365 -0.111E-02 -0.696E-05 -0.539E-03 -0.561E-03
-22.345 -0.110E-02 -0.668E-05 -0.520E-03 -0.572E-03
-22.325 -0.102E-02 -0.590E-05 -0.461E-03 -0.553E-03
-22.305 -0.855E-03 -0.449E-05 -0.354E-03 -0.497E-03
-22.285 -0.581E-03 -0.233E-05 -0.187E-03 -0.392E-03
-22.265 -0.180E-03  0.713E-06  0.500E-04 -0.231E-03
-22.245  0.365E-03  0.473E-05  0.365E-03 -0.429E-05
-22.225  0.107E-02  0.980E-05  0.764E-03  0.295E-03
-22.205  0.194E-02  0.159E-04  0.125E-02  0.671E-03
-22.185  0.297E-02  0.232E-04  0.182E-02  0.113E-02
-22.165  0.417E-02  0.314E-04  0.248E-02  0.166E-02
-22.145  0.552E-02  0.405E-04  0.321E-02  0.227E-02
-22.125  0.699E-02  0.504E-04  0.400E-02  0.294E-02
-22.105  0.855E-02  0.607E-04  0.483E-02  0.366E-02
-22.085  0.102E-01  0.713E-04  0.568E-02  0.442E-02
-22.065  0.118E-01  0.818E-04  0.652E-02  0.520E-02
-22.045  0.134E-01  0.919E-04  0.733E-02  0.598E-02
-22.025  0.149E-01  0.101E-03  0.807E-02  0.675E-02
-22.005  0.163E-01  0.110E-03  0.873E-02  0.749E-02
-21.985  0.176E-01  0.117E-03  0.928E-02  0.818E-02
-21.965  0.187E-01  0.124E-03  0.971E-02  0.882E-02
-21.945  0.195E-01  0.128E-03  0.999E-02  0.941E-02
-21.925  0.202E-01  0.132E-03  0.101E-01  0.995E-02
-21.905  0.207E-01  0.134E-03  0.101E-01  0.105E-01
-21.885  0.211E-01  0.135E-03  0.999E-02  0.109E-01
-21.865  0.213E-01  0.134E-03  0.974E-02  0.114E-01
-21.845  0.214E-01  0.133E-03  0.938E-02  0.119E-01
-21.825  0.215E-01  0.132E-03  0.895E-02  0.124E-01
-21.805  0.216E-01  0.130E-03  0.846E-02  0.130E-01
-21.785  0.217E-01  0.127E-03  0.794E-02  0.136E-01
-21.765  0.219E-01  0.125E-03  0.741E-02  0.143E-01
-21.745  0.222E-01  0.123E-03  0.690E-02  0.151E-01
-21.725  0.226E-01  0.121E-03  0.642E-02  0.161E-01
-21.705  0.231E-01  0.119E-03  0.598E-02  0.170E-01
-21.685  0.238E-01  0.117E-03  0.560E-02  0.181E-01
-21.665  0.246E-01  0.115E-03  0.526E-02  0.192E-01
-21.645  0.254E-01  0.113E-03  0.498E-02  0.203E-01
-21.625  0.263E-01  0.111E-03  0.475E-02  0.214E-01
-21.605  0.272E-01  0.109E-03  0.456E-02  0.225E-01
-21.585  0.280E-01  0.107E-03  0.441E-02  0.235E-01
-21.565  0.288E-01  0.104E-03  0.428E-02  0.244E-01
-21.545  0.295E-01  0.100E-03  0.418E-02  0.252E-01
-21.525  0.301E-01  0.965E-04  0.409E-02  0.259E-01
-21.505  0.305E-01  0.925E-04  0.402E-02  0.264E-01
-21.485  0.308E-01  0.883E-04  0.395E-02  0.268E-01
-21.465  0.310E-01  0.841E-04  0.389E-02  0.270E-01
-21.445  0.311E-01  0.800E-04  0.384E-02  0.272E-01
-21.425  0.310E-01  0.761E-04  0.379E-02  0.271E-01
-21.405  0.309E-01  0.725E-04  0.376E-02  0.270E-01
-21.385  0.306E-01  0.694E-04  0.373E-02  0.268E-01
-21.365  0.304E-01  0.668E-04  0.372E-02  0.266E-01
-21.345  0.301E-01  0.647E-04  0.373E-02  0.263E-01
-21.325  0.299E-01  0.633E-04  0.374E-02  0.261E-01
-21.305  0.297E-01  0.623E-04  0.378E-02  0.258E-01
-21.285  0.295E-01  0.618E-04  0.382E-02  0.256E-01
-21.265  0.294E-01  0.617E-04  0.388E-02  0.255E-01
-21.245  0.294E-01  0.619E-04  0.394E-02  0.254E-01
-21.225  0.295E-01  0.623E-04  0.401E-02  0.254E-01
-21.205  0.296E-01  0.628E-04  0.407E-02  0.255E-01
-21.185  0.298E-01  0.633E-04  0.413E-02  0.256E-01
-21.165  0.301E-01  0.636E-04  0.419E-02  0.258E-01
-21.145  0.304E-01  0.638E-04  0.423E-02  0.261E-01
-21.125  0.307E-01  0.637E-04  0.426E-02  0.264E-01
-21.105  0.311E-01  0.634E-04  0.428E-02  0.267E-01
-21.085  0.314E-01  0.628E-04  0.428E-02  0.271E-01
-21.065  0.318E-01  0.619E-04  0.427E-02  0.275E-01
-21.045  0.322E-01  0.608E-04  0.424E-02  0.279E-01
-21.025  0.326E-01  0.595E-04  0.420E-02  0.283E-01
-21.005  0.329E-01  0.581E-04  0.415E-02  0.287E-01
-20.985  0.333E-01  0.565E-04  0.409E-02  0.291E-01
-20.965  0.336E-01  0.549E-04  0.402E-02  0.295E-01
-20.945  0.339E-01  0.533E-04  0.395E-02  0.299E-01
-20.925  0.342E-01  0.518E-04  0.388E-02  0.303E-01
-20.905  0.345E-01  0.503E-04  0.380E-02  0.307E-01
-20.885  0.348E-01  0.489E-04  0.372E-02  0.310E-01
-20.865  0.351E-01  0.476E-04  0.364E-02  0.314E-01
-20.845  0.353E-01  0.464E-04  0.356E-02  0.317E-01
-20.825  0.355E-01  0.453E-04  0.347E-02  0.320E-01
-20.805  0.357E-01  0.443E-04  0.339E-02  0.322E-01
-20.785  0.358E-01  0.433E-04  0.331E-02  0.324E-01
-20.765  0.358E-01  0.424E-04  0.322E-02  0.326E-01
-20.745  0.358E-01  0.414E-04  0.313E-02  0.326E-01
-20.725  0.357E-01  0.404E-04  0.303E-02  0.326E-01
-20.705  0.355E-01  0.394E-04  0.293E-02  0.325E-01
-20.685  0.352E-01  0.384E-04  0.282E-02  0.324E-01
-20.665  0.348E-01  0.372E-04  0.271E-02  0.321E-01
-20.645  0.344E-01  0.361E-04  0.259E-02  0.318E-01
-20.625  0.338E-01  0.348E-04  0.246E-02  0.314E-01
-20.605  0.333E-01  0.335E-04  0.233E-02  0.309E-01
-20.585  0.326E-01  0.323E-04  0.222E-02  0.304E-01
-20.565  0.320E-01  0.310E-04  0.212E-02  0.298E-01
-20.545  0.314E-01  0.299E-04  0.206E-02  0.293E-01
-20.525  0.308E-01  0.290E-04  0.206E-02  0.287E-01
-20.505  0.304E-01  0.283E-04  0.216E-02  0.282E-01
-20.485  0.301E-01  0.280E-04  0.238E-02  0.277E-01
-20.465  0.300E-01  0.282E-04  0.279E-02  0.272E-01
-20.445  0.302E-01  0.289E-04  0.342E-02  0.268E-01
-20.425  0.308E-01  0.303E-04  0.434E-02  0.264E-01
-20.405  0.317E-01  0.325E-04  0.561E-02  0.261E-01
-20.385  0.331E-01  0.355E-04  0.728E-02  0.258E-01
-20.365  0.350E-01  0.395E-04  0.943E-02  0.255E-01
-20.345  0.374E-01  0.444E-04  0.121E-01  0.253E-01
-20.325  0.404E-01  0.504E-04  0.153E-01  0.251E-01
-20.305  0.440E-01  0.573E-04  0.191E-01  0.249E-01
-20.285  0.482E-01  0.651E-04  0.234E-01  0.247E-01
-20.265  0.529E-01  0.738E-04  0.283E-01  0.246E-01
-20.245  0.582E-01  0.830E-04  0.336E-01  0.244E-01
-20.225  0.638E-01  0.928E-04  0.394E-01  0.243E-01
-20.205  0.697E-01  0.103E-03  0.454E-01  0.242E-01
-20.185  0.758E-01  0.112E-03  0.515E-01  0.242E-01
-20.165  0.819E-01  0.122E-03  0.576E-01  0.242E-01
-20.145  0.878E-01  0.131E-03  0.634E-01  0.242E-01
-20.125  0.934E-01  0.138E-03  0.688E-01  0.244E-01
-20.105  0.984E-01  0.144E-03  0.736E-01  0.247E-01
-20.085  0.103E+00  0.149E-03  0.776E-01  0.250E-01
-20.065  0.106E+00  0.152E-03  0.806E-01  0.255E-01
-20.045  0.109E+00  0.153E-03  0.826E-01  0.261E-01
-20.025  0.110E+00  0.152E-03  0.835E-01  0.268E-01
-20.005  0.111E+00  0.149E-03  0.832E-01  0.277E-01
-19.985  0.110E+00  0.145E-03  0.817E-01  0.286E-01
-19.965  0.109E+00  0.139E-03  0.791E-01  0.296E-01
-19.945  0.106E+00  0.131E-03  0.756E-01  0.307E-01
-19.925  0.103E+00  0.122E-03  0.712E-01  0.319E-01
-19.905  0.996E-01  0.113E-03  0.662E-01  0.332E-01
-19.885  0.955E-01  0.103E-03  0.608E-01  0.346E-01
-19.865  0.912E-01  0.932E-04  0.551E-01  0.360E-01
-19.845  0.870E-01  0.838E-04  0.494E-01  0.375E-01
-19.825  0.831E-01  0.749E-04  0.440E-01  0.390E-01
-19.805  0.795E-01  0.669E-04  0.388E-01  0.406E-01
-19.785  0.764E-01  0.600E-04  0.342E-01  0.422E-01
-19.765  0.740E-01  0.541E-04  0.301E-01  0.439E-01
-19.745  0.722E-01  0.494E-04  0.267E-01  0.455E-01
-19.725  0.709E-01  0.457E-04  0.239E-01  0.470E-01
-19.705  0.701E-01  0.431E-04  0.217E-01  0.484E-01
-19.685  0.697E-01  0.413E-04  0.201E-01  0.496E-01
-19.665  0.696E-01  0.401E-04  0.190E-01  0.505E-01
-19.645  0.694E-01  0.393E-04  0.183E-01  0.511E-01
-19.625  0.691E-01  0.387E-04  0.177E-01  0.514E-01
-19.605  0.686E-01  0.380E-04  0.174E-01  0.511E-01
-19.585  0.675E-01  0.372E-04  0.170E-01  0.504E-01
-19.565  0.658E-01  0.361E-04  0.166E-01  0.492E-01
-19.545  0.635E-01  0.345E-04  0.161E-01  0.474E-01
-19.525  0.604E-01  0.324E-04  0.153E-01  0.450E-01
-19.505  0.567E-01  0.299E-04  0.144E-01  0.422E-01
-19.485  0.523E-01  0.270E-04  0.133E-01  0.390E-01
-19.465  0.475E-01  0.240E-04  0.121E-01  0.354E-01
-19.445  0.423E-01  0.208E-04  0.107E-01  0.315E-01
-19.425  0.370E-01  0.179E-04  0.939E-02  0.276E-01
-19.405  0.317E-01  0.154E-04  0.814E-02  0.236E-01
-19.385  0.268E-01  0.136E-04  0.708E-02  0.197E-01
-19.365  0.223E-01  0.127E-04  0.630E-02  0.160E-01
-19.345  0.186E-01  0.130E-04  0.590E-02  0.127E-01
-19.325  0.159E-01  0.147E-04  0.596E-02  0.989E-02
-19.305  0.142E-01  0.180E-04  0.654E-02  0.760E-02
-19.285  0.136E-01  0.230E-04  0.768E-02  0.591E-02
-19.265  0.143E-01  0.297E-04  0.941E-02  0.488E-02
-19.245  0.163E-01  0.381E-04  0.117E-01  0.453E-02
-19.225  0.195E-01  0.481E-04  0.146E-01  0.485E-02
-19.205  0.238E-01  0.596E-04  0.179E-01  0.584E-02
-19.185  0.291E-01  0.723E-04  0.216E-01  0.743E-02
-19.165  0.353E-01  0.860E-04  0.256E-01  0.957E-02
-19.145  0.421E-01  0.100E-03  0.299E-01  0.122E-01
-19.125  0.494E-01  0.115E-03  0.341E-01  0.152E-01
-19.105  0.569E-01  0.129E-03  0.383E-01  0.185E-01
-19.085  0.644E-01  0.144E-03  0.423E-01  0.220E-01
-19.065  0.717E-01  0.157E-03  0.459E-01  0.256E-01
-19.045  0.785E-01  0.169E-03  0.492E-01  0.291E-01
-19.025  0.847E-01  0.180E-03  0.519E-01  0.326E-01
-19.005  0.901E-01  0.190E-03  0.540E-01  0.359E-01
-18.985  0.946E-01  0.198E-03  0.555E-01  0.389E-01
-18.965  0.982E-01  0.205E-03  0.563E-01  0.417E-01
-18.945  0.101E+00  0.210E-03  0.565E-01  0.441E-01
-18.925  0.102E+00  0.213E-03  0.561E-01  0.461E-01
-18.905  0.103E+00  0.215E-03  0.552E-01  0.478E-01
-18.885  0.103E+00  0.216E-03  0.539E-01  0.491E-01
-18.865  0.103E+00  0.215E-03  0.522E-01  0.501E-01
-18.845  0.101E+00  0.214E-03  0.502E-01  0.508E-01
-18.825  0.995E-01  0.211E-03  0.481E-01  0.512E-01
-18.805  0.975E-01  0.208E-03  0.459E-01  0.513E-01
-18.785  0.953E-01  0.205E-03  0.438E-01  0.513E-01
-18.765  0.930E-01  0.201E-03  0.418E-01  0.510E-01
-18.745  0.909E-01  0.197E-03  0.400E-01  0.507E-01
-18.725  0.889E-01  0.193E-03  0.385E-01  0.502E-01
-18.705  0.870E-01  0.189E-03  0.372E-01  0.496E-01
-18.685  0.855E-01  0.185E-03  0.363E-01  0.490E-01
-18.665  0.842E-01  0.181E-03  0.357E-01  0.483E-01
-18.645  0.831E-01  0.177E-03  0.353E-01  0.476E-01
-18.625  0.822E-01  0.174E-03  0.352E-01  0.468E-01
-18.605  0.816E-01  0.171E-03  0.353E-01  0.461E-01
-18.585  0.810E-01  0.168E-03  0.356E-01  0.453E-01
-18.565  0.806E-01  0.166E-03  0.359E-01  0.445E-01
-18.545  0.802E-01  0.164E-03  0.363E-01  0.437E-01
-18.525  0.798E-01  0.164E-03  0.366E-01  0.430E-01
-18.505  0.794E-01  0.164E-03  0.369E-01  0.423E-01
-18.485  0.790E-01  0.164E-03  0.371E-01  0.417E-01
-18.465  0.785E-01  0.166E-03  0.371E-01  0.412E-01
-18.445  0.780E-01  0.169E-03  0.370E-01  0.408E-01
-18.425  0.775E-01  0.172E-03  0.367E-01  0.406E-01
-18.405  0.769E-01  0.177E-03  0.363E-01  0.405E-01
-18.385  0.764E-01  0.182E-03  0.357E-01  0.405E-01
-18.365  0.760E-01  0.188E-03  0.351E-01  0.407E-01
-18.345  0.757E-01  0.195E-03  0.344E-01  0.411E-01
-18.325  0.755E-01  0.202E-03  0.337E-01  0.415E-01
-18.305  0.754E-01  0.210E-03  0.330E-01  0.421E-01
-18.285  0.754E-01  0.219E-03  0.324E-01  0.428E-01
-18.265  0.755E-01  0.227E-03  0.318E-01  0.434E-01
-18.245  0.756E-01  0.236E-03  0.313E-01  0.441E-01
-18.225  0.758E-01  0.245E-03  0.309E-01  0.447E-01
-18.205  0.760E-01  0.253E-03  0.306E-01  0.451E-01
-18.185  0.761E-01  0.261E-03  0.303E-01  0.455E-01
-18.165  0.760E-01  0.268E-03  0.301E-01  0.457E-01
-18.145  0.758E-01  0.275E-03  0.298E-01  0.457E-01
-18.125  0.754E-01  0.280E-03  0.296E-01  0.455E-01
-18.105  0.748E-01  0.285E-03  0.294E-01  0.451E-01
-18.085  0.739E-01  0.288E-03  0.291E-01  0.445E-01
-18.065  0.727E-01  0.289E-03  0.287E-01  0.437E-01
-18.045  0.713E-01  0.290E-03  0.282E-01  0.428E-01
-18.025  0.697E-01  0.288E-03  0.277E-01  0.418E-01
-18.005  0.680E-01  0.286E-03  0.271E-01  0.406E-01
-17.985  0.661E-01  0.282E-03  0.264E-01  0.394E-01
-17.965  0.643E-01  0.278E-03  0.258E-01  0.382E-01
-17.945  0.625E-01  0.273E-03  0.252E-01  0.370E-01
-17.925  0.608E-01  0.267E-03  0.248E-01  0.358E-01
-17.905  0.594E-01  0.262E-03  0.245E-01  0.346E-01
-17.885  0.584E-01  0.257E-03  0.245E-01  0.336E-01
-17.865  0.578E-01  0.254E-03  0.249E-01  0.327E-01
-17.845  0.577E-01  0.253E-03  0.256E-01  0.318E-01
-17.825  0.581E-01  0.253E-03  0.267E-01  0.312E-01
-17.805  0.592E-01  0.257E-03  0.284E-01  0.306E-01
-17.785  0.610E-01  0.263E-03  0.305E-01  0.302E-01
-17.765  0.635E-01  0.271E-03  0.332E-01  0.300E-01
-17.745  0.666E-01  0.283E-03  0.363E-01  0.300E-01
-17.725  0.704E-01  0.297E-03  0.400E-01  0.302E-01
-17.705  0.748E-01  0.314E-03  0.440E-01  0.305E-01
-17.685  0.798E-01  0.332E-03  0.483E-01  0.311E-01
-17.665  0.851E-01  0.352E-03  0.529E-01  0.318E-01
-17.645  0.908E-01  0.373E-03  0.577E-01  0.328E-01
-17.625  0.968E-01  0.393E-03  0.625E-01  0.339E-01
-17.605  0.103E+00  0.413E-03  0.672E-01  0.352E-01
-17.585  0.109E+00  0.431E-03  0.717E-01  0.367E-01
-17.565  0.115E+00  0.447E-03  0.759E-01  0.383E-01
-17.545  0.120E+00  0.461E-03  0.798E-01  0.399E-01
-17.525  0.125E+00  0.472E-03  0.833E-01  0.416E-01
-17.505  0.130E+00  0.480E-03  0.864E-01  0.433E-01
-17.485  0.134E+00  0.485E-03  0.891E-01  0.448E-01
-17.465  0.138E+00  0.487E-03  0.913E-01  0.463E-01
-17.445  0.141E+00  0.488E-03  0.932E-01  0.476E-01
-17.425  0.144E+00  0.486E-03  0.947E-01  0.487E-01
-17.405  0.146E+00  0.484E-03  0.961E-01  0.496E-01
-17.385  0.148E+00  0.481E-03  0.973E-01  0.502E-01
-17.365  0.150E+00  0.478E-03  0.985E-01  0.506E-01
-17.345  0.151E+00  0.477E-03  0.997E-01  0.508E-01
-17.325  0.152E+00  0.476E-03  0.101E+00  0.508E-01
-17.305  0.154E+00  0.478E-03  0.102E+00  0.505E-01
-17.285  0.155E+00  0.482E-03  0.104E+00  0.502E-01
-17.265  0.156E+00  0.487E-03  0.106E+00  0.498E-01
-17.245  0.157E+00  0.494E-03  0.107E+00  0.493E-01
-17.225  0.158E+00  0.502E-03  0.109E+00  0.489E-01
-17.205  0.159E+00  0.509E-03  0.110E+00  0.486E-01
-17.185  0.159E+00  0.516E-03  0.110E+00  0.483E-01
-17.165  0.159E+00  0.521E-03  0.110E+00  0.482E-01
-17.145  0.158E+00  0.524E-03  0.109E+00  0.481E-01
-17.125  0.156E+00  0.523E-03  0.107E+00  0.482E-01
-17.105  0.153E+00  0.518E-03  0.104E+00  0.483E-01
-17.085  0.149E+00  0.507E-03  0.100E+00  0.484E-01
-17.065  0.144E+00  0.492E-03  0.948E-01  0.485E-01
-17.045  0.138E+00  0.472E-03  0.887E-01  0.486E-01
-17.025  0.131E+00  0.448E-03  0.816E-01  0.485E-01
-17.005  0.123E+00  0.419E-03  0.739E-01  0.482E-01
-16.985  0.114E+00  0.387E-03  0.657E-01  0.476E-01
-16.965  0.104E+00  0.352E-03  0.572E-01  0.468E-01
-16.945  0.946E-01  0.316E-03  0.487E-01  0.456E-01
-16.925  0.847E-01  0.279E-03  0.404E-01  0.441E-01
-16.905  0.749E-01  0.242E-03  0.325E-01  0.422E-01
-16.885  0.654E-01  0.206E-03  0.252E-01  0.400E-01
-16.865  0.562E-01  0.173E-03  0.186E-01  0.375E-01
-16.845  0.476E-01  0.142E-03  0.128E-01  0.347E-01
-16.825  0.397E-01  0.114E-03  0.787E-02  0.317E-01
-16.805  0.324E-01  0.886E-04  0.381E-02  0.285E-01
-16.785  0.259E-01  0.668E-04  0.591E-03  0.253E-01
-16.765  0.202E-01  0.483E-04 -0.185E-02  0.220E-01
-16.745  0.153E-01  0.328E-04 -0.359E-02  0.188E-01
-16.725  0.110E-01  0.202E-04 -0.472E-02  0.157E-01
-16.705  0.744E-02  0.101E-04 -0.535E-02  0.128E-01
-16.685  0.450E-02  0.233E-05 -0.558E-02  0.101E-01
-16.665  0.211E-02 -0.349E-05 -0.550E-02  0.762E-02
-16.645  0.221E-03 -0.767E-05 -0.520E-02  0.543E-02
-16.625 -0.124E-02 -0.105E-04 -0.476E-02  0.353E-02
-16.605 -0.234E-02 -0.122E-04 -0.424E-02  0.191E-02
-16.585 -0.313E-02 -0.131E-04 -0.368E-02  0.568E-03
-16.565 -0.367E-02 -0.133E-04 -0.313E-02 -0.524E-03
-16.545 -0.402E-02 -0.131E-04 -0.262E-02 -0.139E-02
-16.525 -0.423E-02 -0.125E-04 -0.215E-02 -0.206E-02
-16.505 -0.433E-02 -0.118E-04 -0.175E-02 -0.257E-02
-16.485 -0.436E-02 -0.109E-04 -0.140E-02 -0.294E-02
-16.465 -0.434E-02 -0.995E-05 -0.112E-02 -0.322E-02
-16.445 -0.431E-02 -0.903E-05 -0.888E-03 -0.342E-02
-16.425 -0.427E-02 -0.815E-05 -0.709E-03 -0.355E-02
-16.405 -0.422E-02 -0.734E-05 -0.574E-03 -0.364E-02
-16.385 -0.416E-02 -0.661E-05 -0.476E-03 -0.368E-02
-16.365 -0.408E-02 -0.595E-05 -0.409E-03 -0.366E-02
-16.345 -0.394E-02 -0.535E-05 -0.366E-03 -0.357E-02
-16.325 -0.373E-02 -0.479E-05 -0.342E-03 -0.338E-02
-16.305 -0.339E-02 -0.423E-05 -0.334E-03 -0.306E-02
-16.285 -0.290E-02 -0.365E-05 -0.336E-03 -0.256E-02
-16.265 -0.221E-02 -0.300E-05 -0.347E-03 -0.186E-02
-16.245 -0.128E-02 -0.225E-05 -0.364E-03 -0.915E-03
-16.225 -0.687E-04 -0.137E-05 -0.385E-03  0.318E-03
-16.205  0.146E-02 -0.308E-06 -0.410E-03  0.187E-02
-16.185  0.331E-02  0.948E-06 -0.437E-03  0.375E-02
-16.165  0.551E-02  0.242E-05 -0.466E-03  0.597E-02
-16.145  0.803E-02  0.412E-05 -0.497E-03  0.853E-02
-16.125  0.109E-01  0.605E-05 -0.529E-03  0.114E-01
-16.105  0.140E-01  0.819E-05 -0.561E-03  0.145E-01
-16.085  0.173E-01  0.105E-04 -0.592E-03  0.179E-01
-16.065  0.207E-01  0.130E-04 -0.618E-03  0.213E-01
-16.045  0.243E-01  0.156E-04 -0.636E-03  0.249E-01
-16.025  0.278E-01  0.183E-04 -0.639E-03  0.284E-01
-16.005  0.313E-01  0.211E-04 -0.619E-03  0.319E-01
-15.985  0.346E-01  0.238E-04 -0.566E-03  0.351E-01
-15.965  0.378E-01  0.265E-04 -0.466E-03  0.382E-01
-15.945  0.408E-01  0.293E-04 -0.305E-03  0.411E-01
-15.925  0.436E-01  0.319E-04 -0.663E-04  0.437E-01
-15.905  0.464E-01  0.346E-04  0.271E-03  0.461E-01
-15.885  0.490E-01  0.373E-04  0.727E-03  0.483E-01
-15.865  0.518E-01  0.401E-04  0.133E-02  0.504E-01
-15.845  0.546E-01  0.430E-04  0.209E-02  0.525E-01
-15.825  0.578E-01  0.461E-04  0.306E-02  0.547E-01
-15.805  0.614E-01  0.496E-04  0.425E-02  0.571E-01
-15.785  0.655E-01  0.534E-04  0.570E-02  0.598E-01
-15.765  0.703E-01  0.577E-04  0.747E-02  0.627E-01
-15.745  0.758E-01  0.625E-04  0.958E-02  0.661E-01
-15.725  0.820E-01  0.679E-04  0.121E-01  0.699E-01
-15.705  0.891E-01  0.739E-04  0.151E-01  0.739E-01
-15.685  0.971E-01  0.807E-04  0.187E-01  0.783E-01
-15.665  0.106E+00  0.881E-04  0.229E-01  0.828E-01
-15.645  0.115E+00  0.962E-04  0.278E-01  0.873E-01
-15.625  0.125E+00  0.105E-03  0.336E-01  0.916E-01
-15.605  0.136E+00  0.114E-03  0.403E-01  0.956E-01
-15.585  0.147E+00  0.124E-03  0.479E-01  0.992E-01
-15.565  0.159E+00  0.134E-03  0.565E-01  0.102E+00
-15.545  0.171E+00  0.145E-03  0.662E-01  0.104E+00
-15.525  0.182E+00  0.156E-03  0.769E-01  0.105E+00
-15.505  0.194E+00  0.167E-03  0.885E-01  0.106E+00
-15.485  0.206E+00  0.178E-03  0.101E+00  0.105E+00
-15.465  0.218E+00  0.188E-03  0.114E+00  0.104E+00
-15.445  0.229E+00  0.199E-03  0.127E+00  0.102E+00
-15.425  0.240E+00  0.209E-03  0.141E+00  0.987E-01
-15.405  0.249E+00  0.218E-03  0.154E+00  0.953E-01
-15.385  0.258E+00  0.227E-03  0.166E+00  0.916E-01
-15.365  0.266E+00  0.235E-03  0.178E+00  0.876E-01
-15.345  0.272E+00  0.243E-03  0.188E+00  0.837E-01
-15.325  0.277E+00  0.251E-03  0.196E+00  0.798E-01
-15.305  0.279E+00  0.258E-03  0.203E+00  0.762E-01
-15.285  0.281E+00  0.266E-03  0.207E+00  0.730E-01
-15.265  0.280E+00  0.275E-03  0.210E+00  0.703E-01
-15.245  0.278E+00  0.285E-03  0.209E+00  0.681E-01
-15.225  0.274E+00  0.296E-03  0.207E+00  0.664E-01
-15.205  0.269E+00  0.309E-03  0.203E+00  0.653E-01
-15.185  0.262E+00  0.325E-03  0.197E+00  0.647E-01
-15.165  0.255E+00  0.343E-03  0.190E+00  0.647E-01
-15.145  0.247E+00  0.364E-03  0.182E+00  0.651E-01
-15.125  0.239E+00  0.387E-03  0.173E+00  0.660E-01
-15.105  0.231E+00  0.413E-03  0.164E+00  0.672E-01
-15.085  0.224E+00  0.441E-03  0.155E+00  0.686E-01
-15.065  0.217E+00  0.471E-03  0.146E+00  0.702E-01
-15.045  0.211E+00  0.502E-03  0.138E+00  0.719E-01
-15.025  0.206E+00  0.533E-03  0.131E+00  0.736E-01
-15.005  0.201E+00  0.564E-03  0.126E+00  0.751E-01
-14.985  0.198E+00  0.594E-03  0.121E+00  0.765E-01
-14.965  0.195E+00  0.622E-03  0.117E+00  0.775E-01
-14.945  0.193E+00  0.647E-03  0.114E+00  0.783E-01
-14.925  0.191E+00  0.669E-03  0.112E+00  0.785E-01
-14.905  0.190E+00  0.688E-03  0.111E+00  0.783E-01
-14.885  0.188E+00  0.703E-03  0.110E+00  0.776E-01
-14.865  0.186E+00  0.714E-03  0.109E+00  0.764E-01
-14.845  0.184E+00  0.721E-03  0.109E+00  0.747E-01
-14.825  0.181E+00  0.725E-03  0.108E+00  0.725E-01
-14.805  0.178E+00  0.724E-03  0.107E+00  0.698E-01
-14.785  0.174E+00  0.721E-03  0.106E+00  0.667E-01
-14.765  0.169E+00  0.716E-03  0.105E+00  0.633E-01
-14.745  0.164E+00  0.708E-03  0.103E+00  0.596E-01
-14.725  0.158E+00  0.699E-03  0.101E+00  0.559E-01
-14.705  0.152E+00  0.688E-03  0.991E-01  0.520E-01
-14.685  0.146E+00  0.678E-03  0.967E-01  0.482E-01
-14.665  0.139E+00  0.667E-03  0.941E-01  0.446E-01
-14.645  0.133E+00  0.656E-03  0.915E-01  0.412E-01
-14.625  0.127E+00  0.646E-03  0.887E-01  0.381E-01
-14.605  0.122E+00  0.636E-03  0.861E-01  0.353E-01
-14.585  0.117E+00  0.628E-03  0.834E-01  0.329E-01
-14.565  0.112E+00  0.621E-03  0.809E-01  0.309E-01
-14.545  0.109E+00  0.614E-03  0.785E-01  0.294E-01
-14.525  0.105E+00  0.610E-03  0.762E-01  0.283E-01
-14.505  0.102E+00  0.606E-03  0.741E-01  0.276E-01
-14.485  0.100E+00  0.603E-03  0.722E-01  0.273E-01
-14.465  0.983E-01  0.601E-03  0.704E-01  0.273E-01
-14.445  0.970E-01  0.600E-03  0.689E-01  0.275E-01
-14.425  0.962E-01  0.600E-03  0.675E-01  0.280E-01
-14.405  0.957E-01  0.600E-03  0.664E-01  0.287E-01
-14.385  0.956E-01  0.601E-03  0.654E-01  0.296E-01
-14.365  0.957E-01  0.602E-03  0.647E-01  0.305E-01
-14.345  0.961E-01  0.603E-03  0.641E-01  0.314E-01
-14.325  0.968E-01  0.604E-03  0.638E-01  0.324E-01
-14.305  0.977E-01  0.605E-03  0.637E-01  0.333E-01
-14.285  0.987E-01  0.605E-03  0.639E-01  0.342E-01
-14.265  0.998E-01  0.604E-03  0.642E-01  0.350E-01
-14.245  0.101E+00  0.603E-03  0.647E-01  0.357E-01
-14.225  0.102E+00  0.600E-03  0.652E-01  0.363E-01
-14.205  0.103E+00  0.595E-03  0.659E-01  0.367E-01
-14.185  0.104E+00  0.589E-03  0.665E-01  0.370E-01
-14.165  0.105E+00  0.580E-03  0.670E-01  0.370E-01
-14.145  0.105E+00  0.569E-03  0.673E-01  0.369E-01
-14.125  0.104E+00  0.555E-03  0.674E-01  0.365E-01
-14.105  0.104E+00  0.538E-03  0.671E-01  0.359E-01
-14.085  0.102E+00  0.518E-03  0.664E-01  0.350E-01
-14.065  0.996E-01  0.495E-03  0.652E-01  0.339E-01
-14.045  0.964E-01  0.468E-03  0.635E-01  0.325E-01
-14.025  0.924E-01  0.439E-03  0.612E-01  0.308E-01
-14.005  0.876E-01  0.407E-03  0.583E-01  0.289E-01
-13.985  0.821E-01  0.372E-03  0.549E-01  0.268E-01
-13.965  0.759E-01  0.336E-03  0.510E-01  0.245E-01
-13.945  0.692E-01  0.297E-03  0.467E-01  0.221E-01
-13.925  0.620E-01  0.258E-03  0.421E-01  0.196E-01
-13.905  0.545E-01  0.218E-03  0.373E-01  0.170E-01
-13.885  0.469E-01  0.178E-03  0.323E-01  0.144E-01
-13.865  0.393E-01  0.138E-03  0.274E-01  0.118E-01
-13.845  0.319E-01  0.983E-04  0.225E-01  0.934E-02
-13.825  0.248E-01  0.600E-04  0.178E-01  0.695E-02
-13.805  0.181E-01  0.229E-04  0.134E-01  0.470E-02
-13.785  0.119E-01 -0.126E-04  0.934E-02  0.261E-02
-13.765  0.633E-02 -0.461E-04  0.567E-02  0.704E-03
-13.745  0.136E-02 -0.773E-04  0.243E-02 -0.991E-03
-13.725 -0.292E-02 -0.106E-03 -0.356E-03 -0.246E-02
-13.705 -0.648E-02 -0.130E-03 -0.267E-02 -0.368E-02
-13.685 -0.928E-02 -0.150E-03 -0.450E-02 -0.462E-02
-13.665 -0.113E-01 -0.164E-03 -0.584E-02 -0.526E-02
-13.645 -0.124E-01 -0.170E-03 -0.668E-02 -0.556E-02
-13.625 -0.126E-01 -0.167E-03 -0.700E-02 -0.547E-02
-13.605 -0.119E-01 -0.152E-03 -0.678E-02 -0.495E-02
-13.585 -0.101E-01 -0.124E-03 -0.599E-02 -0.395E-02
-13.565 -0.709E-02 -0.783E-04 -0.460E-02 -0.241E-02
-13.545 -0.288E-02 -0.142E-04 -0.257E-02 -0.294E-03
-13.525  0.265E-02  0.709E-04  0.135E-03  0.244E-02
-13.505  0.954E-02  0.179E-03  0.354E-02  0.582E-02
-13.485  0.178E-01  0.311E-03  0.765E-02  0.984E-02
-13.465  0.274E-01  0.468E-03  0.125E-01  0.145E-01
-13.445  0.383E-01  0.648E-03  0.180E-01  0.197E-01
-13.425  0.503E-01  0.851E-03  0.241E-01  0.254E-01
-13.405  0.633E-01  0.107E-02  0.308E-01  0.314E-01
-13.385  0.770E-01  0.131E-02  0.379E-01  0.377E-01
-13.365  0.911E-01  0.156E-02  0.453E-01  0.442E-01
-13.345  0.105E+00  0.182E-02  0.529E-01  0.505E-01
-13.325  0.119E+00  0.208E-02  0.604E-01  0.567E-01
-13.305  0.132E+00  0.232E-02  0.676E-01  0.624E-01
-13.285  0.145E+00  0.256E-02  0.744E-01  0.678E-01
-13.265  0.156E+00  0.277E-02  0.806E-01  0.725E-01
-13.245  0.166E+00  0.296E-02  0.861E-01  0.766E-01
-13.225  0.174E+00  0.312E-02  0.906E-01  0.802E-01
-13.205  0.181E+00  0.324E-02  0.941E-01  0.832E-01
-13.185  0.186E+00  0.333E-02  0.966E-01  0.859E-01
-13.165  0.190E+00  0.337E-02  0.980E-01  0.883E-01
-13.145  0.192E+00  0.338E-02  0.984E-01  0.906E-01
-13.125  0.194E+00  0.336E-02  0.977E-01  0.932E-01
-13.105  0.196E+00  0.330E-02  0.962E-01  0.962E-01
-13.085  0.197E+00  0.321E-02  0.939E-01  0.998E-01
-13.065  0.198E+00  0.310E-02  0.910E-01  0.104E+00
-13.045  0.200E+00  0.297E-02  0.877E-01  0.110E+00
-13.025  0.203E+00  0.282E-02  0.841E-01  0.116E+00
-13.005  0.207E+00  0.267E-02  0.804E-01  0.124E+00
-12.985  0.212E+00  0.251E-02  0.767E-01  0.133E+00
-12.965  0.218E+00  0.235E-02  0.733E-01  0.143E+00
-12.945  0.225E+00  0.220E-02  0.702E-01  0.153E+00
-12.925  0.233E+00  0.205E-02  0.676E-01  0.164E+00
-12.905  0.242E+00  0.191E-02  0.656E-01  0.174E+00
-12.885  0.251E+00  0.178E-02  0.642E-01  0.185E+00
-12.865  0.260E+00  0.166E-02  0.636E-01  0.194E+00
-12.845  0.268E+00  0.155E-02  0.636E-01  0.203E+00
-12.825  0.275E+00  0.145E-02  0.644E-01  0.209E+00
-12.805  0.282E+00  0.136E-02  0.658E-01  0.214E+00
-12.785  0.286E+00  0.128E-02  0.679E-01  0.217E+00
-12.765  0.289E+00  0.120E-02  0.705E-01  0.218E+00
-12.745  0.291E+00  0.113E-02  0.736E-01  0.216E+00
-12.725  0.290E+00  0.107E-02  0.769E-01  0.212E+00
-12.705  0.287E+00  0.102E-02  0.805E-01  0.206E+00
-12.685  0.283E+00  0.965E-03  0.840E-01  0.198E+00
-12.665  0.276E+00  0.918E-03  0.874E-01  0.188E+00
-12.645  0.268E+00  0.876E-03  0.905E-01  0.177E+00
-12.625  0.259E+00  0.837E-03  0.931E-01  0.165E+00
-12.605  0.249E+00  0.803E-03  0.952E-01  0.153E+00
-12.585  0.239E+00  0.772E-03  0.967E-01  0.141E+00
-12.565  0.228E+00  0.745E-03  0.975E-01  0.129E+00
-12.545  0.217E+00  0.723E-03  0.976E-01  0.118E+00
-12.525  0.206E+00  0.705E-03  0.972E-01  0.108E+00
-12.505  0.196E+00  0.693E-03  0.962E-01  0.989E-01
-12.485  0.187E+00  0.687E-03  0.949E-01  0.910E-01
-12.465  0.178E+00  0.689E-03  0.934E-01  0.842E-01
-12.445  0.171E+00  0.700E-03  0.919E-01  0.787E-01
-12.425  0.166E+00  0.722E-03  0.906E-01  0.744E-01
-12.405  0.162E+00  0.755E-03  0.898E-01  0.712E-01
-12.385  0.159E+00  0.802E-03  0.896E-01  0.690E-01
-12.365  0.159E+00  0.864E-03  0.901E-01  0.676E-01
-12.345  0.160E+00  0.941E-03  0.915E-01  0.670E-01
-12.325  0.162E+00  0.103E-02  0.939E-01  0.671E-01
-12.305  0.166E+00  0.114E-02  0.971E-01  0.676E-01
-12.285  0.171E+00  0.126E-02  0.101E+00  0.686E-01
-12.265  0.177E+00  0.140E-02  0.106E+00  0.698E-01
-12.245  0.184E+00  0.155E-02  0.111E+00  0.713E-01
-12.225  0.191E+00  0.170E-02  0.117E+00  0.730E-01
-12.205  0.198E+00  0.186E-02  0.122E+00  0.747E-01
-12.185  0.205E+00  0.202E-02  0.127E+00  0.764E-01
-12.165  0.211E+00  0.217E-02  0.131E+00  0.780E-01
-12.145  0.217E+00  0.232E-02  0.135E+00  0.796E-01
-12.125  0.220E+00  0.245E-02  0.137E+00  0.810E-01
-12.105  0.223E+00  0.257E-02  0.138E+00  0.822E-01
-12.085  0.223E+00  0.268E-02  0.137E+00  0.831E-01
-12.065  0.222E+00  0.276E-02  0.135E+00  0.837E-01
-12.045  0.219E+00  0.282E-02  0.132E+00  0.840E-01
-12.025  0.214E+00  0.287E-02  0.127E+00  0.839E-01
-12.005  0.207E+00  0.290E-02  0.121E+00  0.835E-01
-11.985  0.200E+00  0.292E-02  0.114E+00  0.827E-01
-11.965  0.191E+00  0.293E-02  0.107E+00  0.816E-01
-11.945  0.182E+00  0.293E-02  0.989E-01  0.803E-01
-11.925  0.173E+00  0.292E-02  0.910E-01  0.787E-01
-11.905  0.163E+00  0.292E-02  0.834E-01  0.770E-01
-11.885  0.154E+00  0.292E-02  0.762E-01  0.752E-01
-11.865  0.146E+00  0.292E-02  0.696E-01  0.736E-01
-11.845  0.139E+00  0.293E-02  0.638E-01  0.720E-01
-11.825  0.132E+00  0.294E-02  0.588E-01  0.707E-01
-11.805  0.127E+00  0.297E-02  0.547E-01  0.697E-01
-11.785  0.124E+00  0.301E-02  0.515E-01  0.691E-01
-11.765  0.121E+00  0.305E-02  0.491E-01  0.689E-01
-11.745  0.120E+00  0.310E-02  0.473E-01  0.691E-01
-11.725  0.119E+00  0.315E-02  0.462E-01  0.698E-01
-11.705  0.120E+00  0.321E-02  0.455E-01  0.708E-01
-11.685  0.121E+00  0.328E-02  0.452E-01  0.722E-01
-11.665  0.122E+00  0.334E-02  0.451E-01  0.739E-01
-11.645  0.124E+00  0.340E-02  0.451E-01  0.757E-01
-11.625  0.126E+00  0.345E-02  0.452E-01  0.776E-01
-11.605  0.128E+00  0.351E-02  0.453E-01  0.795E-01
-11.585  0.130E+00  0.355E-02  0.454E-01  0.813E-01
-11.565  0.132E+00  0.358E-02  0.454E-01  0.830E-01
-11.545  0.133E+00  0.360E-02  0.452E-01  0.846E-01
-11.525  0.135E+00  0.362E-02  0.450E-01  0.860E-01
-11.505  0.136E+00  0.362E-02  0.447E-01  0.873E-01
-11.485  0.137E+00  0.360E-02  0.444E-01  0.886E-01
-11.465  0.137E+00  0.358E-02  0.439E-01  0.899E-01
-11.445  0.138E+00  0.355E-02  0.434E-01  0.914E-01
-11.425  0.140E+00  0.350E-02  0.429E-01  0.933E-01
-11.405  0.141E+00  0.345E-02  0.424E-01  0.956E-01
-11.385  0.144E+00  0.340E-02  0.418E-01  0.984E-01
-11.365  0.147E+00  0.334E-02  0.413E-01  0.102E+00
-11.345  0.150E+00  0.328E-02  0.408E-01  0.106E+00
-11.325  0.155E+00  0.322E-02  0.403E-01  0.111E+00
-11.305  0.160E+00  0.316E-02  0.398E-01  0.117E+00
-11.285  0.166E+00  0.311E-02  0.394E-01  0.123E+00
-11.265  0.172E+00  0.306E-02  0.390E-01  0.130E+00
-11.245  0.179E+00  0.301E-02  0.387E-01  0.137E+00
-11.225  0.185E+00  0.297E-02  0.384E-01  0.144E+00
-11.205  0.191E+00  0.293E-02  0.381E-01  0.150E+00
-11.185  0.197E+00  0.289E-02  0.378E-01  0.156E+00
-11.165  0.202E+00  0.285E-02  0.376E-01  0.161E+00
-11.145  0.206E+00  0.281E-02  0.374E-01  0.165E+00
-11.125  0.208E+00  0.276E-02  0.372E-01  0.168E+00
-11.105  0.208E+00  0.271E-02  0.370E-01  0.169E+00
-11.085  0.207E+00  0.264E-02  0.367E-01  0.168E+00
-11.065  0.204E+00  0.256E-02  0.364E-01  0.165E+00
-11.045  0.199E+00  0.247E-02  0.361E-01  0.161E+00
-11.025  0.193E+00  0.237E-02  0.357E-01  0.155E+00
-11.005  0.185E+00  0.226E-02  0.353E-01  0.147E+00
-10.985  0.176E+00  0.215E-02  0.349E-01  0.139E+00
-10.965  0.166E+00  0.203E-02  0.344E-01  0.129E+00
-10.945  0.155E+00  0.191E-02  0.341E-01  0.119E+00
-10.925  0.145E+00  0.180E-02  0.338E-01  0.109E+00
-10.905  0.134E+00  0.171E-02  0.336E-01  0.991E-01
-10.885  0.125E+00  0.164E-02  0.336E-01  0.894E-01
-10.865  0.116E+00  0.162E-02  0.339E-01  0.804E-01
-10.845  0.109E+00  0.165E-02  0.345E-01  0.724E-01
-10.825  0.103E+00  0.174E-02  0.355E-01  0.654E-01
-10.805  0.987E-01  0.191E-02  0.370E-01  0.598E-01
-10.785  0.967E-01  0.217E-02  0.391E-01  0.554E-01
-10.765  0.968E-01  0.252E-02  0.419E-01  0.524E-01
-10.745  0.990E-01  0.298E-02  0.454E-01  0.506E-01
-10.725  0.103E+00  0.354E-02  0.498E-01  0.500E-01
-10.705  0.110E+00  0.420E-02  0.551E-01  0.504E-01
-10.685  0.118E+00  0.496E-02  0.615E-01  0.516E-01
-10.665  0.128E+00  0.580E-02  0.689E-01  0.535E-01
-10.645  0.140E+00  0.670E-02  0.774E-01  0.560E-01
-10.625  0.153E+00  0.764E-02  0.869E-01  0.587E-01
-10.605  0.168E+00  0.859E-02  0.974E-01  0.616E-01
-10.585  0.183E+00  0.950E-02  0.109E+00  0.645E-01
-10.565  0.199E+00  0.104E-01  0.121E+00  0.673E-01
-10.545  0.215E+00  0.111E-01  0.134E+00  0.700E-01
-10.525  0.231E+00  0.117E-01  0.147E+00  0.724E-01
-10.505  0.247E+00  0.122E-01  0.160E+00  0.746E-01
-10.485  0.261E+00  0.126E-01  0.172E+00  0.765E-01
-10.465  0.275E+00  0.128E-01  0.184E+00  0.782E-01
-10.445  0.288E+00  0.129E-01  0.195E+00  0.797E-01
-10.425  0.299E+00  0.129E-01  0.204E+00  0.811E-01
-10.405  0.308E+00  0.131E-01  0.212E+00  0.824E-01
-10.385  0.315E+00  0.135E-01  0.217E+00  0.837E-01
-10.365  0.320E+00  0.143E-01  0.221E+00  0.851E-01
-10.345  0.323E+00  0.158E-01  0.221E+00  0.865E-01
-10.325  0.325E+00  0.181E-01  0.219E+00  0.881E-01
-10.305  0.326E+00  0.215E-01  0.215E+00  0.899E-01
-10.285  0.326E+00  0.263E-01  0.208E+00  0.920E-01
-10.265  0.326E+00  0.327E-01  0.199E+00  0.944E-01
-10.245  0.326E+00  0.409E-01  0.188E+00  0.971E-01
-10.225  0.327E+00  0.512E-01  0.176E+00  0.100E+00
-10.205  0.330E+00  0.635E-01  0.162E+00  0.104E+00
-10.185  0.334E+00  0.779E-01  0.148E+00  0.108E+00
-10.165  0.341E+00  0.943E-01  0.134E+00  0.113E+00
-10.145  0.351E+00  0.112E+00  0.120E+00  0.118E+00
-10.125  0.363E+00  0.132E+00  0.107E+00  0.124E+00
-10.105  0.378E+00  0.153E+00  0.952E-01  0.130E+00
-10.085  0.396E+00  0.174E+00  0.845E-01  0.138E+00
-10.065  0.415E+00  0.195E+00  0.754E-01  0.145E+00
-10.045  0.436E+00  0.215E+00  0.680E-01  0.153E+00
-10.025  0.458E+00  0.234E+00  0.623E-01  0.162E+00
-10.005  0.479E+00  0.250E+00  0.584E-01  0.170E+00
 -9.985  0.500E+00  0.265E+00  0.561E-01  0.179E+00
 -9.965  0.518E+00  0.276E+00  0.554E-01  0.187E+00
 -9.945  0.534E+00  0.284E+00  0.560E-01  0.194E+00
 -9.925  0.546E+00  0.288E+00  0.576E-01  0.201E+00
 -9.905  0.555E+00  0.288E+00  0.602E-01  0.206E+00
 -9.885  0.559E+00  0.286E+00  0.634E-01  0.210E+00
 -9.865  0.559E+00  0.279E+00  0.670E-01  0.212E+00
 -9.845  0.554E+00  0.270E+00  0.709E-01  0.213E+00
 -9.825  0.545E+00  0.259E+00  0.748E-01  0.211E+00
 -9.805  0.532E+00  0.246E+00  0.787E-01  0.207E+00
 -9.785  0.515E+00  0.231E+00  0.825E-01  0.202E+00
 -9.765  0.496E+00  0.216E+00  0.861E-01  0.194E+00
 -9.745  0.475E+00  0.201E+00  0.895E-01  0.185E+00
 -9.725  0.452E+00  0.185E+00  0.927E-01  0.174E+00
 -9.705  0.429E+00  0.171E+00  0.957E-01  0.162E+00
 -9.685  0.406E+00  0.158E+00  0.985E-01  0.149E+00
 -9.665  0.383E+00  0.146E+00  0.101E+00  0.136E+00
 -9.645  0.362E+00  0.136E+00  0.104E+00  0.123E+00
 -9.625  0.343E+00  0.127E+00  0.106E+00  0.110E+00
 -9.605  0.326E+00  0.119E+00  0.108E+00  0.984E-01
 -9.585  0.311E+00  0.114E+00  0.110E+00  0.873E-01
 -9.565  0.298E+00  0.109E+00  0.112E+00  0.774E-01
 -9.545  0.288E+00  0.106E+00  0.114E+00  0.688E-01
 -9.525  0.281E+00  0.104E+00  0.115E+00  0.618E-01
 -9.505  0.275E+00  0.102E+00  0.117E+00  0.563E-01
 -9.485  0.272E+00  0.102E+00  0.118E+00  0.523E-01
 -9.465  0.271E+00  0.102E+00  0.119E+00  0.498E-01
 -9.445  0.271E+00  0.102E+00  0.120E+00  0.486E-01
 -9.425  0.273E+00  0.103E+00  0.121E+00  0.486E-01
 -9.405  0.277E+00  0.105E+00  0.122E+00  0.497E-01
 -9.385  0.282E+00  0.107E+00  0.124E+00  0.516E-01
 -9.365  0.288E+00  0.109E+00  0.125E+00  0.542E-01
 -9.345  0.295E+00  0.111E+00  0.127E+00  0.572E-01
 -9.325  0.303E+00  0.114E+00  0.129E+00  0.606E-01
 -9.305  0.312E+00  0.117E+00  0.131E+00  0.642E-01
 -9.285  0.322E+00  0.121E+00  0.133E+00  0.679E-01
 -9.265  0.332E+00  0.125E+00  0.135E+00  0.716E-01
 -9.245  0.343E+00  0.130E+00  0.138E+00  0.753E-01
 -9.225  0.354E+00  0.134E+00  0.140E+00  0.789E-01
 -9.205  0.365E+00  0.139E+00  0.143E+00  0.824E-01
 -9.185  0.376E+00  0.145E+00  0.145E+00  0.858E-01
 -9.165  0.387E+00  0.150E+00  0.148E+00  0.892E-01
 -9.145  0.399E+00  0.156E+00  0.150E+00  0.925E-01
 -9.125  0.410E+00  0.161E+00  0.153E+00  0.958E-01
 -9.105  0.421E+00  0.166E+00  0.156E+00  0.990E-01
 -9.085  0.432E+00  0.171E+00  0.159E+00  0.102E+00
 -9.065  0.443E+00  0.176E+00  0.162E+00  0.105E+00
 -9.045  0.455E+00  0.180E+00  0.166E+00  0.109E+00
 -9.025  0.466E+00  0.183E+00  0.171E+00  0.112E+00
 -9.005  0.476E+00  0.185E+00  0.177E+00  0.115E+00
 -8.985  0.487E+00  0.187E+00  0.183E+00  0.117E+00
 -8.965  0.497E+00  0.187E+00  0.190E+00  0.120E+00
 -8.945  0.506E+00  0.187E+00  0.197E+00  0.122E+00
 -8.925  0.515E+00  0.186E+00  0.204E+00  0.124E+00
 -8.905  0.522E+00  0.185E+00  0.212E+00  0.126E+00
 -8.885  0.528E+00  0.182E+00  0.218E+00  0.127E+00
 -8.865  0.532E+00  0.179E+00  0.224E+00  0.128E+00
 -8.845  0.534E+00  0.176E+00  0.229E+00  0.129E+00
 -8.825  0.534E+00  0.172E+00  0.233E+00  0.129E+00
 -8.805  0.531E+00  0.167E+00  0.235E+00  0.130E+00
 -8.785  0.526E+00  0.163E+00  0.234E+00  0.129E+00
 -8.765  0.519E+00  0.158E+00  0.232E+00  0.129E+00
 -8.745  0.510E+00  0.153E+00  0.228E+00  0.129E+00
 -8.725  0.499E+00  0.148E+00  0.222E+00  0.129E+00
 -8.705  0.486E+00  0.143E+00  0.214E+00  0.129E+00
 -8.685  0.473E+00  0.139E+00  0.205E+00  0.129E+00
 -8.665  0.458E+00  0.134E+00  0.195E+00  0.129E+00
 -8.645  0.443E+00  0.130E+00  0.184E+00  0.129E+00
 -8.625  0.429E+00  0.126E+00  0.173E+00  0.130E+00
 -8.605  0.414E+00  0.123E+00  0.162E+00  0.130E+00
 -8.585  0.401E+00  0.120E+00  0.151E+00  0.130E+00
 -8.565  0.388E+00  0.117E+00  0.141E+00  0.131E+00
 -8.545  0.376E+00  0.114E+00  0.131E+00  0.131E+00
 -8.525  0.365E+00  0.111E+00  0.123E+00  0.130E+00
 -8.505  0.354E+00  0.109E+00  0.116E+00  0.129E+00
 -8.485  0.344E+00  0.106E+00  0.110E+00  0.128E+00
 -8.465  0.335E+00  0.104E+00  0.105E+00  0.126E+00
 -8.445  0.326E+00  0.101E+00  0.101E+00  0.123E+00
 -8.425  0.317E+00  0.987E-01  0.987E-01  0.119E+00
 -8.405  0.308E+00  0.961E-01  0.967E-01  0.115E+00
 -8.385  0.299E+00  0.934E-01  0.954E-01  0.110E+00
 -8.365  0.290E+00  0.905E-01  0.947E-01  0.105E+00
 -8.345  0.282E+00  0.876E-01  0.945E-01  0.996E-01
 -8.325  0.273E+00  0.846E-01  0.946E-01  0.940E-01
 -8.305  0.265E+00  0.817E-01  0.951E-01  0.885E-01
 -8.285  0.258E+00  0.787E-01  0.958E-01  0.832E-01
 -8.265  0.251E+00  0.757E-01  0.967E-01  0.782E-01
 -8.245  0.244E+00  0.728E-01  0.978E-01  0.738E-01
 -8.225  0.239E+00  0.700E-01  0.991E-01  0.700E-01
 -8.205  0.235E+00  0.672E-01  0.100E+00  0.669E-01
 -8.185  0.231E+00  0.646E-01  0.102E+00  0.646E-01
 -8.165  0.229E+00  0.622E-01  0.103E+00  0.630E-01
 -8.145  0.227E+00  0.600E-01  0.105E+00  0.622E-01
 -8.125  0.226E+00  0.581E-01  0.106E+00  0.622E-01
 -8.105  0.226E+00  0.565E-01  0.107E+00  0.629E-01
 -8.085  0.227E+00  0.553E-01  0.108E+00  0.643E-01
 -8.065  0.229E+00  0.547E-01  0.108E+00  0.664E-01
 -8.045  0.232E+00  0.548E-01  0.108E+00  0.691E-01
 -8.025  0.236E+00  0.558E-01  0.108E+00  0.726E-01
 -8.005  0.241E+00  0.578E-01  0.107E+00  0.767E-01
 -7.985  0.247E+00  0.610E-01  0.105E+00  0.814E-01
 -7.965  0.255E+00  0.657E-01  0.103E+00  0.869E-01
 -7.945  0.265E+00  0.719E-01  0.999E-01  0.931E-01
 -7.925  0.276E+00  0.799E-01  0.967E-01  0.999E-01
 -7.905  0.290E+00  0.896E-01  0.932E-01  0.107E+00
 -7.885  0.306E+00  0.101E+00  0.893E-01  0.115E+00
 -7.865  0.324E+00  0.114E+00  0.854E-01  0.124E+00
 -7.845  0.344E+00  0.129E+00  0.815E-01  0.133E+00
 -7.825  0.365E+00  0.145E+00  0.777E-01  0.142E+00
 -7.805  0.388E+00  0.162E+00  0.742E-01  0.151E+00
 -7.785  0.411E+00  0.180E+00  0.710E-01  0.161E+00
 -7.765  0.435E+00  0.197E+00  0.683E-01  0.169E+00
 -7.745  0.458E+00  0.215E+00  0.661E-01  0.177E+00
 -7.725  0.480E+00  0.231E+00  0.645E-01  0.185E+00
 -7.705  0.500E+00  0.245E+00  0.636E-01  0.191E+00
 -7.685  0.518E+00  0.258E+00  0.632E-01  0.197E+00
 -7.665  0.533E+00  0.268E+00  0.636E-01  0.201E+00
 -7.645  0.544E+00  0.276E+00  0.645E-01  0.204E+00
 -7.625  0.553E+00  0.280E+00  0.661E-01  0.206E+00
 -7.605  0.558E+00  0.282E+00  0.683E-01  0.207E+00
 -7.585  0.560E+00  0.281E+00  0.710E-01  0.208E+00
 -7.565  0.559E+00  0.278E+00  0.741E-01  0.207E+00
 -7.545  0.556E+00  0.273E+00  0.777E-01  0.206E+00
 -7.525  0.551E+00  0.266E+00  0.816E-01  0.204E+00
 -7.505  0.545E+00  0.258E+00  0.857E-01  0.202E+00
 -7.485  0.538E+00  0.249E+00  0.899E-01  0.199E+00
 -7.465  0.531E+00  0.240E+00  0.941E-01  0.196E+00
 -7.445  0.523E+00  0.232E+00  0.981E-01  0.193E+00
 -7.425  0.516E+00  0.224E+00  0.102E+00  0.190E+00
 -7.405  0.509E+00  0.217E+00  0.105E+00  0.186E+00
 -7.385  0.501E+00  0.212E+00  0.108E+00  0.181E+00
 -7.365  0.494E+00  0.207E+00  0.111E+00  0.176E+00
 -7.345  0.486E+00  0.203E+00  0.113E+00  0.170E+00
 -7.325  0.477E+00  0.199E+00  0.114E+00  0.164E+00
 -7.305  0.467E+00  0.197E+00  0.114E+00  0.156E+00
 -7.285  0.455E+00  0.194E+00  0.114E+00  0.147E+00
 -7.265  0.441E+00  0.191E+00  0.113E+00  0.138E+00
 -7.245  0.426E+00  0.187E+00  0.111E+00  0.127E+00
 -7.225  0.408E+00  0.182E+00  0.109E+00  0.116E+00
 -7.205  0.389E+00  0.177E+00  0.107E+00  0.105E+00
 -7.185  0.368E+00  0.171E+00  0.104E+00  0.934E-01
 -7.165  0.346E+00  0.163E+00  0.101E+00  0.817E-01
 -7.145  0.324E+00  0.155E+00  0.985E-01  0.702E-01
 -7.125  0.301E+00  0.146E+00  0.961E-01  0.591E-01
 -7.105  0.280E+00  0.137E+00  0.941E-01  0.487E-01
 -7.085  0.260E+00  0.128E+00  0.926E-01  0.391E-01
 -7.065  0.242E+00  0.120E+00  0.917E-01  0.304E-01
 -7.045  0.226E+00  0.112E+00  0.914E-01  0.227E-01
 -7.025  0.214E+00  0.106E+00  0.917E-01  0.161E-01
 -7.005  0.205E+00  0.102E+00  0.926E-01  0.105E-01
 -6.985  0.199E+00  0.996E-01  0.939E-01  0.595E-02
 -6.965  0.197E+00  0.995E-01  0.955E-01  0.234E-02
 -6.945  0.199E+00  0.102E+00  0.972E-01 -0.410E-03
 -6.925  0.203E+00  0.106E+00  0.987E-01 -0.239E-02
 -6.905  0.209E+00  0.113E+00  0.999E-01 -0.372E-02
 -6.885  0.218E+00  0.122E+00  0.101E+00 -0.450E-02
 -6.865  0.228E+00  0.132E+00  0.101E+00 -0.484E-02
 -6.845  0.238E+00  0.143E+00  0.997E-01 -0.485E-02
 -6.825  0.249E+00  0.156E+00  0.977E-01 -0.461E-02
 -6.805  0.259E+00  0.168E+00  0.948E-01 -0.421E-02
 -6.785  0.268E+00  0.181E+00  0.908E-01 -0.372E-02
 -6.765  0.275E+00  0.193E+00  0.857E-01 -0.317E-02
 -6.745  0.281E+00  0.204E+00  0.798E-01 -0.263E-02
 -6.725  0.285E+00  0.213E+00  0.732E-01 -0.211E-02
 -6.705  0.286E+00  0.222E+00  0.660E-01 -0.163E-02
 -6.685  0.285E+00  0.228E+00  0.584E-01 -0.121E-02
 -6.665  0.283E+00  0.233E+00  0.507E-01 -0.847E-03
 -6.645  0.278E+00  0.236E+00  0.430E-01 -0.549E-03
 -6.625  0.272E+00  0.237E+00  0.357E-01 -0.310E-03
 -6.605  0.264E+00  0.236E+00  0.287E-01 -0.123E-03
 -6.585  0.256E+00  0.234E+00  0.223E-01  0.164E-04
 -6.565  0.247E+00  0.230E+00  0.166E-01  0.117E-03
 -6.545  0.237E+00  0.225E+00  0.116E-01  0.186E-03
 -6.525  0.227E+00  0.220E+00  0.741E-02  0.229E-03
 -6.505  0.218E+00  0.213E+00  0.395E-02  0.253E-03
 -6.485  0.208E+00  0.207E+00  0.121E-02  0.263E-03
 -6.465  0.199E+00  0.200E+00 -0.854E-03  0.262E-03
 -6.445  0.190E+00  0.192E+00 -0.233E-02  0.255E-03
 -6.425  0.182E+00  0.185E+00 -0.329E-02  0.244E-03
 -6.405  0.175E+00  0.178E+00 -0.382E-02  0.231E-03
 -6.385  0.168E+00  0.172E+00 -0.401E-02  0.217E-03
 -6.365  0.162E+00  0.165E+00 -0.395E-02  0.204E-03
 -6.345  0.156E+00  0.160E+00 -0.370E-02  0.191E-03
 -6.325  0.151E+00  0.154E+00 -0.334E-02  0.179E-03
 -6.305  0.147E+00  0.150E+00 -0.290E-02  0.168E-03
 -6.285  0.143E+00  0.146E+00 -0.243E-02  0.158E-03
 -6.265  0.140E+00  0.142E+00 -0.197E-02  0.150E-03
 -6.245  0.138E+00  0.139E+00 -0.153E-02  0.143E-03
 -6.225  0.135E+00  0.136E+00 -0.113E-02  0.137E-03
 -6.205  0.134E+00  0.134E+00 -0.773E-03  0.132E-03
 -6.185  0.133E+00  0.133E+00 -0.468E-03  0.127E-03
 -6.165  0.132E+00  0.132E+00 -0.210E-03  0.123E-03
 -6.145  0.132E+00  0.131E+00  0.322E-05  0.120E-03
 -6.125  0.132E+00  0.131E+00  0.178E-03  0.118E-03
 -6.105  0.132E+00  0.132E+00  0.321E-03  0.115E-03
 -6.085  0.133E+00  0.133E+00  0.437E-03  0.113E-03
 -6.065  0.135E+00  0.134E+00  0.532E-03  0.112E-03
 -6.045  0.136E+00  0.135E+00  0.612E-03  0.110E-03
 -6.025  0.138E+00  0.137E+00  0.679E-03  0.108E-03
 -6.005  0.140E+00  0.139E+00  0.739E-03  0.107E-03
 -5.985  0.142E+00  0.141E+00  0.791E-03  0.105E-03
 -5.965  0.143E+00  0.142E+00  0.839E-03  0.103E-03
 -5.945  0.145E+00  0.144E+00  0.882E-03  0.999E-04
 -5.925  0.146E+00  0.145E+00  0.921E-03  0.970E-04
 -5.905  0.147E+00  0.145E+00  0.954E-03  0.936E-04
 -5.885  0.146E+00  0.145E+00  0.980E-03  0.898E-04
 -5.865  0.146E+00  0.145E+00  0.999E-03  0.857E-04
 -5.845  0.144E+00  0.143E+00  0.101E-02  0.814E-04
 -5.825  0.142E+00  0.141E+00  0.101E-02  0.768E-04
 -5.805  0.139E+00  0.138E+00  0.100E-02  0.722E-04
 -5.785  0.135E+00  0.134E+00  0.982E-03  0.677E-04
 -5.765  0.131E+00  0.130E+00  0.952E-03  0.633E-04
 -5.745  0.126E+00  0.125E+00  0.913E-03  0.593E-04
 -5.725  0.121E+00  0.120E+00  0.866E-03  0.558E-04
 -5.705  0.117E+00  0.116E+00  0.812E-03  0.529E-04
 -5.685  0.113E+00  0.112E+00  0.753E-03  0.506E-04
 -5.665  0.109E+00  0.108E+00  0.693E-03  0.491E-04
 -5.645  0.106E+00  0.105E+00  0.633E-03  0.485E-04
 -5.625  0.104E+00  0.104E+00  0.576E-03  0.487E-04
 -5.605  0.104E+00  0.103E+00  0.524E-03  0.497E-04
 -5.585  0.104E+00  0.104E+00  0.480E-03  0.515E-04
 -5.565  0.106E+00  0.106E+00  0.445E-03  0.540E-04
 -5.545  0.109E+00  0.109E+00  0.420E-03  0.570E-04
 -5.525  0.114E+00  0.113E+00  0.408E-03  0.605E-04
 -5.505  0.119E+00  0.118E+00  0.407E-03  0.642E-04
 -5.485  0.125E+00  0.124E+00  0.419E-03  0.681E-04
 -5.465  0.131E+00  0.131E+00  0.442E-03  0.719E-04
 -5.445  0.138E+00  0.137E+00  0.477E-03  0.755E-04
 -5.425  0.144E+00  0.144E+00  0.522E-03  0.788E-04
 -5.405  0.150E+00  0.150E+00  0.575E-03  0.817E-04
 -5.385  0.156E+00  0.155E+00  0.635E-03  0.841E-04
 -5.365  0.161E+00  0.160E+00  0.700E-03  0.858E-04
 -5.345  0.165E+00  0.164E+00  0.768E-03  0.870E-04
 -5.325  0.168E+00  0.167E+00  0.837E-03  0.876E-04
 -5.305  0.169E+00  0.168E+00  0.904E-03  0.876E-04
 -5.285  0.169E+00  0.168E+00  0.967E-03  0.871E-04
 -5.265  0.169E+00  0.167E+00  0.102E-02  0.862E-04
 -5.245  0.167E+00  0.165E+00  0.107E-02  0.850E-04
 -5.225  0.164E+00  0.162E+00  0.111E-02  0.836E-04
 -5.205  0.160E+00  0.159E+00  0.114E-02  0.820E-04
 -5.185  0.155E+00  0.154E+00  0.116E-02  0.804E-04
 -5.165  0.150E+00  0.149E+00  0.116E-02  0.789E-04
 -5.145  0.145E+00  0.144E+00  0.115E-02  0.777E-04
 -5.125  0.140E+00  0.139E+00  0.113E-02  0.767E-04
 -5.105  0.135E+00  0.134E+00  0.109E-02  0.762E-04
 -5.085  0.131E+00  0.129E+00  0.104E-02  0.760E-04
 -5.065  0.127E+00  0.126E+00  0.986E-03  0.764E-04
 -5.045  0.124E+00  0.123E+00  0.919E-03  0.773E-04
 -5.025  0.121E+00  0.121E+00  0.847E-03  0.786E-04
 -5.005  0.120E+00  0.120E+00  0.772E-03  0.805E-04
 -4.985  0.120E+00  0.120E+00  0.696E-03  0.827E-04
 -4.965  0.121E+00  0.121E+00  0.622E-03  0.853E-04
 -4.945  0.123E+00  0.122E+00  0.552E-03  0.882E-04
 -4.925  0.126E+00  0.125E+00  0.488E-03  0.911E-04
 -4.905  0.129E+00  0.129E+00  0.430E-03  0.941E-04
 -4.885  0.133E+00  0.132E+00  0.382E-03  0.968E-04
 -4.865  0.137E+00  0.136E+00  0.341E-03  0.992E-04
 -4.845  0.140E+00  0.140E+00  0.310E-03  0.101E-03
 -4.825  0.143E+00  0.143E+00  0.286E-03  0.102E-03
 -4.805  0.145E+00  0.145E+00  0.270E-03  0.103E-03
 -4.785  0.147E+00  0.146E+00  0.260E-03  0.102E-03
 -4.765  0.146E+00  0.146E+00  0.254E-03  0.101E-03
 -4.745  0.145E+00  0.145E+00  0.251E-03  0.980E-04
 -4.725  0.142E+00  0.142E+00  0.250E-03  0.945E-04
 -4.705  0.137E+00  0.137E+00  0.249E-03  0.900E-04
 -4.685  0.131E+00  0.131E+00  0.247E-03  0.846E-04
 -4.665  0.124E+00  0.123E+00  0.243E-03  0.785E-04
 -4.645  0.115E+00  0.114E+00  0.236E-03  0.717E-04
 -4.625  0.105E+00  0.105E+00  0.227E-03  0.645E-04
 -4.605  0.944E-01  0.941E-01  0.215E-03  0.571E-04
 -4.585  0.834E-01  0.832E-01  0.199E-03  0.496E-04
 -4.565  0.723E-01  0.721E-01  0.182E-03  0.422E-04
 -4.545  0.613E-01  0.611E-01  0.163E-03  0.351E-04
 -4.525  0.508E-01  0.506E-01  0.142E-03  0.284E-04
 -4.505  0.408E-01  0.407E-01  0.121E-03  0.222E-04
 -4.485  0.317E-01  0.316E-01  0.101E-03  0.167E-04
 -4.465  0.235E-01  0.234E-01  0.808E-04  0.119E-04
 -4.445  0.164E-01  0.163E-01  0.624E-04  0.776E-05
 -4.425  0.103E-01  0.103E-01  0.457E-04  0.433E-05
 -4.405  0.535E-02  0.532E-02  0.310E-04  0.157E-05
 -4.385  0.137E-02  0.135E-02  0.185E-04 -0.568E-06
 -4.365 -0.167E-02 -0.168E-02  0.818E-05 -0.214E-05
 -4.345 -0.387E-02 -0.387E-02  0.476E-07 -0.322E-05
 -4.325 -0.534E-02 -0.533E-02 -0.608E-05 -0.389E-05
 -4.305 -0.621E-02 -0.619E-02 -0.104E-04 -0.423E-05
 -4.285 -0.658E-02 -0.656E-02 -0.132E-04 -0.430E-05
 -4.265 -0.658E-02 -0.656E-02 -0.147E-04 -0.417E-05
 -4.245 -0.630E-02 -0.628E-02 -0.151E-04 -0.390E-05
 -4.225 -0.583E-02 -0.581E-02 -0.148E-04 -0.355E-05
 -4.205 -0.525E-02 -0.523E-02 -0.139E-04 -0.314E-05
 -4.185 -0.461E-02 -0.459E-02 -0.127E-04 -0.273E-05
 -4.165 -0.396E-02 -0.395E-02 -0.113E-04 -0.232E-05
 -4.145 -0.334E-02 -0.333E-02 -0.978E-05 -0.194E-05
 -4.125 -0.277E-02 -0.276E-02 -0.830E-05 -0.159E-05
 -4.105 -0.226E-02 -0.225E-02 -0.691E-05 -0.129E-05
 -4.085 -0.181E-02 -0.180E-02 -0.565E-05 -0.103E-05
 -4.065 -0.143E-02 -0.143E-02 -0.455E-05 -0.806E-06
 -4.045 -0.111E-02 -0.111E-02 -0.360E-05 -0.624E-06
 -4.025 -0.855E-03 -0.852E-03 -0.281E-05 -0.476E-06
 -4.005 -0.647E-03 -0.645E-03 -0.215E-05 -0.359E-06
 -3.985 -0.484E-03 -0.482E-03 -0.163E-05 -0.267E-06
 -3.965 -0.357E-03 -0.355E-03 -0.122E-05 -0.196E-06
 -3.945 -0.260E-03 -0.259E-03 -0.899E-06 -0.142E-06
 -3.925 -0.187E-03 -0.186E-03 -0.656E-06 -0.102E-06
 -3.905 -0.133E-03 -0.133E-03 -0.474E-06 -0.726E-07
 -3.885 -0.939E-04 -0.935E-04 -0.343E-06 -0.512E-07
 -3.865 -0.661E-04 -0.658E-04 -0.252E-06 -0.361E-07
 -3.845 -0.470E-04 -0.468E-04 -0.194E-06 -0.258E-07
 -3.825 -0.348E-04 -0.346E-04 -0.167E-06 -0.194E-07
 -3.805 -0.282E-04 -0.281E-04 -0.169E-06 -0.163E-07
 -3.785 -0.268E-04 -0.266E-04 -0.205E-06 -0.162E-07
 -3.765 -0.306E-04 -0.303E-04 -0.285E-06 -0.193E-07
 -3.745 -0.408E-04 -0.403E-04 -0.425E-06 -0.264E-07
 -3.725 -0.591E-04 -0.585E-04 -0.651E-06 -0.389E-07
 -3.705 -0.889E-04 -0.879E-04 -0.100E-05 -0.589E-07
 -3.685 -0.135E-03 -0.133E-03 -0.153E-05 -0.897E-07
 -3.665 -0.204E-03 -0.201E-03 -0.233E-05 -0.136E-06
 -3.645 -0.305E-03 -0.302E-03 -0.350E-05 -0.203E-06
 -3.625 -0.453E-03 -0.447E-03 -0.518E-05 -0.301E-06
 -3.605 -0.662E-03 -0.654E-03 -0.759E-05 -0.441E-06
 -3.585 -0.957E-03 -0.946E-03 -0.110E-04 -0.638E-06
 -3.565 -0.137E-02 -0.135E-02 -0.157E-04 -0.910E-06
 -3.545 -0.192E-02 -0.190E-02 -0.220E-04 -0.128E-05
 -3.525 -0.267E-02 -0.264E-02 -0.306E-04 -0.178E-05
 -3.505 -0.366E-02 -0.361E-02 -0.419E-04 -0.244E-05
 -3.485 -0.494E-02 -0.488E-02 -0.567E-04 -0.329E-05
 -3.465 -0.658E-02 -0.650E-02 -0.754E-04 -0.439E-05
 -3.445 -0.863E-02 -0.853E-02 -0.990E-04 -0.575E-05
 -3.425 -0.112E-01 -0.110E-01 -0.128E-03 -0.743E-05
 -3.405 -0.142E-01 -0.140E-01 -0.163E-03 -0.945E-05
 -3.385 -0.177E-01 -0.175E-01 -0.203E-03 -0.118E-04
 -3.365 -0.218E-01 -0.215E-01 -0.250E-03 -0.145E-04
 -3.345 -0.263E-01 -0.260E-01 -0.301E-03 -0.175E-04
 -3.325 -0.310E-01 -0.307E-01 -0.356E-03 -0.207E-04
 -3.305 -0.359E-01 -0.354E-01 -0.411E-03 -0.239E-04
 -3.285 -0.404E-01 -0.399E-01 -0.464E-03 -0.270E-04
 -3.265 -0.443E-01 -0.437E-01 -0.508E-03 -0.295E-04
 -3.245 -0.468E-01 -0.462E-01 -0.537E-03 -0.312E-04
 -3.225 -0.474E-01 -0.468E-01 -0.544E-03 -0.316E-04
 -3.205 -0.452E-01 -0.446E-01 -0.518E-03 -0.301E-04
 -3.185 -0.392E-01 -0.388E-01 -0.450E-03 -0.262E-04
 -3.165 -0.287E-01 -0.283E-01 -0.329E-03 -0.192E-04
 -3.145 -0.125E-01 -0.124E-01 -0.144E-03 -0.841E-05
 -3.125  0.101E-01  0.996E-02  0.115E-03  0.667E-05
 -3.105  0.400E-01  0.395E-01  0.457E-03  0.266E-04
 -3.085  0.776E-01  0.767E-01  0.889E-03  0.517E-04
 -3.065  0.123E+00  0.122E+00  0.141E-02  0.821E-04
 -3.045  0.177E+00  0.175E+00  0.203E-02  0.118E-03
 -3.025  0.238E+00  0.235E+00  0.273E-02  0.159E-03
 -3.005  0.305E+00  0.302E+00  0.350E-02  0.203E-03
 -2.985  0.378E+00  0.373E+00  0.433E-02  0.252E-03
 -2.965  0.453E+00  0.447E+00  0.519E-02  0.302E-03
 -2.945  0.529E+00  0.523E+00  0.607E-02  0.353E-03
 -2.925  0.603E+00  0.596E+00  0.692E-02  0.402E-03
 -2.905  0.673E+00  0.665E+00  0.772E-02  0.449E-03
 -2.885  0.735E+00  0.726E+00  0.843E-02  0.490E-03
 -2.865  0.788E+00  0.778E+00  0.904E-02  0.525E-03
 -2.845  0.828E+00  0.818E+00  0.950E-02  0.552E-03
 -2.825  0.855E+00  0.845E+00  0.981E-02  0.570E-03
 -2.805  0.867E+00  0.856E+00  0.994E-02  0.578E-03
 -2.785  0.863E+00  0.853E+00  0.990E-02  0.576E-03
 -2.765  0.844E+00  0.834E+00  0.968E-02  0.563E-03
 -2.745  0.810E+00  0.800E+00  0.929E-02  0.540E-03
 -2.725  0.763E+00  0.754E+00  0.876E-02  0.509E-03
 -2.705  0.705E+00  0.697E+00  0.810E-02  0.471E-03
 -2.685  0.639E+00  0.631E+00  0.734E-02  0.427E-03
 -2.665  0.567E+00  0.560E+00  0.651E-02  0.378E-03
 -2.645  0.491E+00  0.485E+00  0.564E-02  0.328E-03
 -2.625  0.415E+00  0.410E+00  0.477E-02  0.277E-03
 -2.605  0.341E+00  0.336E+00  0.392E-02  0.228E-03
 -2.585  0.270E+00  0.267E+00  0.312E-02  0.181E-03
 -2.565  0.206E+00  0.203E+00  0.238E-02  0.138E-03
 -2.545  0.148E+00  0.146E+00  0.172E-02  0.997E-04
 -2.525  0.979E-01  0.967E-01  0.114E-02  0.665E-04
 -2.505  0.559E-01  0.552E-01  0.665E-03  0.385E-04
 -2.485  0.219E-01  0.216E-01  0.277E-03  0.159E-04
 -2.465 -0.447E-02 -0.444E-02 -0.247E-04 -0.178E-05
 -2.445 -0.238E-01 -0.236E-01 -0.247E-03 -0.149E-04
 -2.425 -0.370E-01 -0.366E-01 -0.399E-03 -0.239E-04
 -2.405 -0.449E-01 -0.444E-01 -0.491E-03 -0.296E-04
 -2.385 -0.484E-01 -0.478E-01 -0.536E-03 -0.325E-04
 -2.365 -0.483E-01 -0.478E-01 -0.543E-03 -0.333E-04
 -2.345 -0.456E-01 -0.451E-01 -0.522E-03 -0.326E-04
 -2.325 -0.409E-01 -0.404E-01 -0.482E-03 -0.308E-04
 -2.305 -0.349E-01 -0.344E-01 -0.430E-03 -0.283E-04
 -2.285 -0.280E-01 -0.276E-01 -0.372E-03 -0.255E-04
 -2.265 -0.205E-01 -0.202E-01 -0.312E-03 -0.226E-04
 -2.245 -0.128E-01 -0.126E-01 -0.253E-03 -0.198E-04
 -2.225 -0.517E-02 -0.496E-02 -0.198E-03 -0.171E-04
 -2.205  0.237E-02  0.253E-02 -0.149E-03 -0.146E-04
 -2.185  0.968E-02  0.980E-02 -0.105E-03 -0.123E-04
 -2.165  0.167E-01  0.168E-01 -0.667E-04 -0.999E-05
 -2.145  0.234E-01  0.234E-01 -0.343E-04 -0.768E-05
 -2.125  0.297E-01  0.297E-01 -0.703E-05 -0.524E-05
 -2.105  0.355E-01  0.355E-01  0.155E-04 -0.255E-05
 -2.085  0.410E-01  0.409E-01  0.340E-04  0.485E-06
 -2.065  0.459E-01  0.459E-01  0.489E-04  0.399E-05
 -2.045  0.504E-01  0.503E-01  0.607E-04  0.803E-05
 -2.025  0.543E-01  0.542E-01  0.701E-04  0.127E-04
 -2.005  0.577E-01  0.576E-01  0.772E-04  0.180E-04
 -1.985  0.605E-01  0.604E-01  0.826E-04  0.239E-04
 -1.965  0.628E-01  0.627E-01  0.864E-04  0.305E-04
 -1.945  0.645E-01  0.644E-01  0.888E-04  0.375E-04
 -1.925  0.658E-01  0.657E-01  0.902E-04  0.449E-04
 -1.905  0.666E-01  0.665E-01  0.905E-04  0.526E-04
 -1.885  0.670E-01  0.669E-01  0.900E-04  0.604E-04
 -1.865  0.671E-01  0.670E-01  0.886E-04  0.681E-04
 -1.845  0.669E-01  0.667E-01  0.867E-04  0.754E-04
 -1.825  0.665E-01  0.663E-01  0.841E-04  0.822E-04
 -1.805  0.659E-01  0.657E-01  0.811E-04  0.883E-04
 -1.785  0.653E-01  0.651E-01  0.778E-04  0.935E-04
 -1.765  0.646E-01  0.644E-01  0.743E-04  0.977E-04
 -1.745  0.640E-01  0.638E-01  0.708E-04  0.101E-03
 -1.725  0.635E-01  0.633E-01  0.675E-04  0.103E-03
 -1.705  0.631E-01  0.629E-01  0.647E-04  0.104E-03
 -1.685  0.629E-01  0.628E-01  0.625E-04  0.105E-03
 -1.665  0.630E-01  0.628E-01  0.613E-04  0.105E-03
 -1.645  0.633E-01  0.631E-01  0.612E-04  0.104E-03
 -1.625  0.638E-01  0.636E-01  0.625E-04  0.104E-03
 -1.605  0.646E-01  0.644E-01  0.653E-04  0.103E-03
 -1.585  0.656E-01  0.655E-01  0.698E-04  0.104E-03
 -1.565  0.669E-01  0.667E-01  0.761E-04  0.105E-03
 -1.545  0.684E-01  0.682E-01  0.842E-04  0.107E-03
 -1.525  0.701E-01  0.699E-01  0.940E-04  0.110E-03
 -1.505  0.720E-01  0.718E-01  0.105E-03  0.114E-03
 -1.485  0.740E-01  0.737E-01  0.118E-03  0.120E-03
 -1.465  0.761E-01  0.758E-01  0.132E-03  0.126E-03
 -1.445  0.782E-01  0.780E-01  0.146E-03  0.134E-03
 -1.425  0.805E-01  0.802E-01  0.162E-03  0.143E-03
 -1.405  0.828E-01  0.825E-01  0.177E-03  0.152E-03
 -1.385  0.852E-01  0.848E-01  0.192E-03  0.161E-03
 -1.365  0.876E-01  0.872E-01  0.206E-03  0.170E-03
 -1.345  0.901E-01  0.897E-01  0.220E-03  0.179E-03
 -1.325  0.928E-01  0.924E-01  0.232E-03  0.187E-03
 -1.305  0.956E-01  0.952E-01  0.243E-03  0.194E-03
 -1.285  0.986E-01  0.981E-01  0.252E-03  0.199E-03
 -1.265  0.102E+00  0.101E+00  0.260E-03  0.203E-03
 -1.245  0.105E+00  0.105E+00  0.266E-03  0.205E-03
 -1.225  0.108E+00  0.108E+00  0.270E-03  0.205E-03
 -1.205  0.112E+00  0.111E+00  0.272E-03  0.203E-03
 -1.185  0.115E+00  0.115E+00  0.272E-03  0.200E-03
 -1.165  0.119E+00  0.118E+00  0.270E-03  0.194E-03
 -1.145  0.122E+00  0.121E+00  0.266E-03  0.187E-03
 -1.125  0.124E+00  0.124E+00  0.261E-03  0.179E-03
 -1.105  0.126E+00  0.126E+00  0.254E-03  0.169E-03
 -1.085  0.128E+00  0.127E+00  0.244E-03  0.157E-03
 -1.065  0.128E+00  0.128E+00  0.234E-03  0.145E-03
 -1.045  0.128E+00  0.127E+00  0.222E-03  0.133E-03
 -1.025  0.126E+00  0.126E+00  0.208E-03  0.120E-03
 -1.005  0.124E+00  0.124E+00  0.194E-03  0.108E-03
 -0.985  0.121E+00  0.121E+00  0.179E-03  0.956E-04
 -0.965  0.117E+00  0.117E+00  0.164E-03  0.846E-04
 -0.945  0.112E+00  0.112E+00  0.149E-03  0.750E-04
 -0.925  0.107E+00  0.107E+00  0.134E-03  0.672E-04
 -0.905  0.102E+00  0.101E+00  0.120E-03  0.615E-04
 -0.885  0.959E-01  0.958E-01  0.108E-03  0.584E-04
 -0.865  0.905E-01  0.903E-01  0.970E-04  0.579E-04
 -0.845  0.853E-01  0.852E-01  0.882E-04  0.604E-04
 -0.825  0.807E-01  0.806E-01  0.818E-04  0.660E-04
 -0.805  0.768E-01  0.767E-01  0.780E-04  0.746E-04
 -0.785  0.737E-01  0.736E-01  0.772E-04  0.862E-04
 -0.765  0.715E-01  0.713E-01  0.795E-04  0.101E-03
 -0.745  0.703E-01  0.701E-01  0.850E-04  0.117E-03
 -0.725  0.700E-01  0.697E-01  0.938E-04  0.136E-03
 -0.705  0.705E-01  0.703E-01  0.106E-03  0.156E-03
 -0.685  0.719E-01  0.716E-01  0.121E-03  0.177E-03
 -0.665  0.740E-01  0.736E-01  0.139E-03  0.198E-03
 -0.645  0.766E-01  0.762E-01  0.160E-03  0.219E-03
 -0.625  0.796E-01  0.792E-01  0.183E-03  0.239E-03
 -0.605  0.829E-01  0.824E-01  0.209E-03  0.257E-03
 -0.585  0.862E-01  0.857E-01  0.236E-03  0.273E-03
 -0.565  0.896E-01  0.891E-01  0.265E-03  0.286E-03
 -0.545  0.928E-01  0.922E-01  0.295E-03  0.296E-03
 -0.525  0.958E-01  0.952E-01  0.326E-03  0.303E-03
 -0.505  0.984E-01  0.978E-01  0.357E-03  0.306E-03
 -0.485  0.101E+00  0.100E+00  0.389E-03  0.307E-03
 -0.465  0.103E+00  0.102E+00  0.419E-03  0.304E-03
 -0.445  0.104E+00  0.103E+00  0.449E-03  0.299E-03
 -0.425  0.105E+00  0.104E+00  0.478E-03  0.292E-03
 -0.405  0.106E+00  0.105E+00  0.505E-03  0.284E-03
 -0.385  0.106E+00  0.105E+00  0.530E-03  0.276E-03
 -0.365  0.106E+00  0.105E+00  0.553E-03  0.269E-03
 -0.345  0.106E+00  0.105E+00  0.574E-03  0.265E-03
 -0.325  0.106E+00  0.105E+00  0.593E-03  0.264E-03
 -0.305  0.105E+00  0.104E+00  0.609E-03  0.269E-03
 -0.285  0.104E+00  0.103E+00  0.624E-03  0.280E-03
 -0.265  0.104E+00  0.103E+00  0.637E-03  0.299E-03
 -0.245  0.103E+00  0.102E+00  0.648E-03  0.328E-03
 -0.225  0.102E+00  0.101E+00  0.658E-03  0.367E-03
 -0.205  0.101E+00  0.997E-01  0.667E-03  0.418E-03
 -0.185  0.999E-01  0.987E-01  0.675E-03  0.482E-03
 -0.165  0.989E-01  0.976E-01  0.682E-03  0.559E-03
 -0.145  0.979E-01  0.965E-01  0.690E-03  0.649E-03
 -0.125  0.968E-01  0.954E-01  0.697E-03  0.753E-03
 -0.105  0.957E-01  0.941E-01  0.704E-03  0.870E-03
 -0.085  0.945E-01  0.928E-01  0.710E-03  0.100E-02
 -0.065  0.932E-01  0.913E-01  0.717E-03  0.114E-02
 -0.045  0.918E-01  0.898E-01  0.723E-03  0.130E-02
 -0.025  0.903E-01  0.881E-01  0.729E-03  0.146E-02
 -0.005  0.887E-01  0.863E-01  0.735E-03  0.164E-02
  0.015  0.870E-01  0.844E-01  0.740E-03  0.182E-02
  0.035  0.853E-01  0.825E-01  0.744E-03  0.200E-02
  0.055  0.836E-01  0.806E-01  0.747E-03  0.220E-02
  0.075  0.819E-01  0.788E-01  0.750E-03  0.239E-02
  0.095  0.804E-01  0.771E-01  0.752E-03  0.259E-02
  0.115  0.791E-01  0.756E-01  0.753E-03  0.279E-02
  0.135  0.781E-01  0.743E-01  0.755E-03  0.299E-02
  0.155  0.774E-01  0.734E-01  0.756E-03  0.319E-02
  0.175  0.771E-01  0.730E-01  0.758E-03  0.340E-02
  0.195  0.773E-01  0.730E-01  0.760E-03  0.360E-02
  0.215  0.780E-01  0.735E-01  0.763E-03  0.380E-02
  0.235  0.792E-01  0.745E-01  0.768E-03  0.400E-02
  0.255  0.809E-01  0.759E-01  0.774E-03  0.420E-02
  0.275  0.830E-01  0.778E-01  0.781E-03  0.441E-02
  0.295  0.854E-01  0.800E-01  0.790E-03  0.461E-02
  0.315  0.882E-01  0.825E-01  0.801E-03  0.481E-02
  0.335  0.910E-01  0.852E-01  0.812E-03  0.502E-02
  0.355  0.939E-01  0.878E-01  0.824E-03  0.522E-02
  0.375  0.966E-01  0.904E-01  0.836E-03  0.541E-02
  0.395  0.992E-01  0.927E-01  0.847E-03  0.560E-02
  0.415  0.101E+00  0.947E-01  0.856E-03  0.577E-02
  0.435  0.103E+00  0.963E-01  0.862E-03  0.592E-02
  0.455  0.104E+00  0.973E-01  0.865E-03  0.604E-02
  0.475  0.105E+00  0.978E-01  0.863E-03  0.613E-02
  0.495  0.105E+00  0.976E-01  0.855E-03  0.618E-02
  0.515  0.104E+00  0.967E-01  0.842E-03  0.619E-02
  0.535  0.102E+00  0.952E-01  0.822E-03  0.614E-02
  0.555  0.999E-01  0.930E-01  0.795E-03  0.604E-02
  0.575  0.969E-01  0.902E-01  0.762E-03  0.589E-02
  0.595  0.932E-01  0.868E-01  0.722E-03  0.568E-02
  0.615  0.889E-01  0.828E-01  0.676E-03  0.541E-02
  0.635  0.841E-01  0.784E-01  0.626E-03  0.510E-02
  0.655  0.788E-01  0.735E-01  0.571E-03  0.474E-02
  0.675  0.731E-01  0.682E-01  0.514E-03  0.435E-02
  0.695  0.671E-01  0.627E-01  0.455E-03  0.394E-02
  0.715  0.609E-01  0.570E-01  0.396E-03  0.350E-02
  0.735  0.545E-01  0.511E-01  0.338E-03  0.307E-02
  0.755  0.482E-01  0.453E-01  0.283E-03  0.263E-02
  0.775  0.419E-01  0.395E-01  0.230E-03  0.221E-02
  0.795  0.359E-01  0.339E-01  0.182E-03  0.181E-02
  0.815  0.301E-01  0.285E-01  0.139E-03  0.144E-02
  0.835  0.246E-01  0.234E-01  0.101E-03  0.111E-02
  0.855  0.196E-01  0.187E-01  0.678E-04  0.809E-03
  0.875  0.151E-01  0.145E-01  0.403E-04  0.552E-03
  0.895  0.110E-01  0.107E-01  0.179E-04  0.336E-03
  0.915  0.756E-02  0.740E-02  0.260E-06  0.159E-03
  0.935  0.461E-02  0.460E-02 -0.130E-04  0.200E-04
  0.955  0.218E-02  0.229E-02 -0.223E-04 -0.853E-04
  0.975  0.252E-03  0.441E-03 -0.284E-04 -0.160E-03
  0.995 -0.122E-02 -0.981E-03 -0.318E-04 -0.210E-03
  1.015 -0.229E-02 -0.202E-02 -0.329E-04 -0.238E-03
  1.035 -0.300E-02 -0.272E-02 -0.325E-04 -0.248E-03
  1.055 -0.341E-02 -0.313E-02 -0.308E-04 -0.246E-03
  1.075 -0.358E-02 -0.332E-02 -0.283E-04 -0.234E-03
  1.095 -0.356E-02 -0.332E-02 -0.254E-04 -0.216E-03
  1.115 -0.340E-02 -0.319E-02 -0.223E-04 -0.194E-03
  1.135 -0.315E-02 -0.296E-02 -0.192E-04 -0.170E-03
  1.155 -0.284E-02 -0.268E-02 -0.162E-04 -0.146E-03
  1.175 -0.250E-02 -0.236E-02 -0.134E-04 -0.123E-03
  1.195 -0.215E-02 -0.204E-02 -0.109E-04 -0.102E-03
  1.215 -0.182E-02 -0.173E-02 -0.880E-05 -0.830E-04
  1.235 -0.151E-02 -0.144E-02 -0.697E-05 -0.666E-04
  1.255 -0.123E-02 -0.117E-02 -0.545E-05 -0.527E-04
  1.275 -0.990E-03 -0.944E-03 -0.420E-05 -0.411E-04
  1.295 -0.783E-03 -0.748E-03 -0.319E-05 -0.316E-04
  1.315 -0.610E-03 -0.584E-03 -0.240E-05 -0.239E-04
  1.335 -0.469E-03 -0.449E-03 -0.178E-05 -0.179E-04
  1.355 -0.355E-03 -0.341E-03 -0.130E-05 -0.132E-04
  1.375 -0.265E-03 -0.255E-03 -0.941E-06 -0.966E-05
  1.395 -0.196E-03 -0.188E-03 -0.672E-06 -0.696E-05
  1.415 -0.142E-03 -0.137E-03 -0.474E-06 -0.495E-05
  1.435 -0.102E-03 -0.984E-04 -0.331E-06 -0.348E-05
  1.455 -0.725E-04 -0.698E-04 -0.228E-06 -0.242E-05
  1.475 -0.507E-04 -0.489E-04 -0.155E-06 -0.166E-05
  1.495 -0.351E-04 -0.338E-04 -0.105E-06 -0.113E-05
  1.515 -0.239E-04 -0.231E-04 -0.696E-07 -0.755E-06
  1.535 -0.161E-04 -0.156E-04 -0.458E-07 -0.500E-06
