# E (eV)   ldos(E)   pdos(E)    pdos(E)    pdos(E)   
-22.785 -0.117E-05 -0.503E-07 -0.866E-06 -0.253E-06
-22.765 -0.173E-05 -0.743E-07 -0.128E-05 -0.377E-06
-22.745 -0.253E-05 -0.108E-06 -0.187E-05 -0.555E-06
-22.725 -0.366E-05 -0.156E-06 -0.269E-05 -0.808E-06
-22.705 -0.521E-05 -0.222E-06 -0.383E-05 -0.116E-05
-22.685 -0.734E-05 -0.312E-06 -0.538E-05 -0.165E-05
-22.665 -0.102E-04 -0.433E-06 -0.745E-05 -0.232E-05
-22.645 -0.140E-04 -0.592E-06 -0.102E-04 -0.323E-05
-22.625 -0.190E-04 -0.799E-06 -0.137E-04 -0.443E-05
-22.605 -0.253E-04 -0.106E-05 -0.182E-04 -0.602E-05
-22.585 -0.334E-04 -0.139E-05 -0.239E-04 -0.808E-05
-22.565 -0.433E-04 -0.180E-05 -0.308E-04 -0.107E-04
-22.545 -0.555E-04 -0.229E-05 -0.391E-04 -0.141E-04
-22.525 -0.701E-04 -0.287E-05 -0.489E-04 -0.183E-04
-22.505 -0.871E-04 -0.354E-05 -0.600E-04 -0.236E-04
-22.485 -0.107E-03 -0.428E-05 -0.724E-04 -0.300E-04
-22.465 -0.129E-03 -0.509E-05 -0.856E-04 -0.379E-04
-22.445 -0.152E-03 -0.593E-05 -0.990E-04 -0.474E-04
-22.425 -0.177E-03 -0.676E-05 -0.112E-03 -0.588E-04
-22.405 -0.203E-03 -0.752E-05 -0.123E-03 -0.725E-04
-22.385 -0.227E-03 -0.813E-05 -0.130E-03 -0.887E-04
-22.365 -0.249E-03 -0.850E-05 -0.133E-03 -0.108E-03
-22.345 -0.267E-03 -0.851E-05 -0.128E-03 -0.130E-03
-22.325 -0.278E-03 -0.806E-05 -0.113E-03 -0.157E-03
-22.305 -0.280E-03 -0.699E-05 -0.856E-04 -0.188E-03
-22.285 -0.272E-03 -0.520E-05 -0.433E-04 -0.224E-03
-22.265 -0.251E-03 -0.254E-05  0.164E-04 -0.265E-03
-22.245 -0.215E-03  0.109E-05  0.959E-04 -0.312E-03
-22.225 -0.162E-03  0.578E-05  0.197E-03 -0.364E-03
-22.205 -0.907E-04  0.116E-04  0.320E-03 -0.422E-03
-22.185  0.800E-07  0.185E-04  0.465E-03 -0.483E-03
-22.165  0.112E-03  0.265E-04  0.631E-03 -0.546E-03
-22.145  0.245E-03  0.355E-04  0.816E-03 -0.606E-03
-22.125  0.402E-03  0.454E-04  0.102E-02 -0.659E-03
-22.105  0.584E-03  0.560E-04  0.123E-02 -0.697E-03
-22.085  0.795E-03  0.671E-04  0.144E-02 -0.711E-03
-22.065  0.104E-02  0.785E-04  0.165E-02 -0.688E-03
-22.045  0.133E-02  0.901E-04  0.185E-02 -0.615E-03
-22.025  0.166E-02  0.102E-03  0.204E-02 -0.476E-03
-22.005  0.206E-02  0.113E-03  0.220E-02 -0.251E-03
-21.985  0.253E-02  0.124E-03  0.233E-02  0.772E-04
-21.965  0.308E-02  0.135E-03  0.242E-02  0.529E-03
-21.945  0.374E-02  0.146E-03  0.247E-02  0.112E-02
-21.925  0.451E-02  0.156E-03  0.249E-02  0.187E-02
-21.905  0.541E-02  0.167E-03  0.246E-02  0.279E-02
-21.885  0.645E-02  0.178E-03  0.239E-02  0.388E-02
-21.865  0.762E-02  0.190E-03  0.229E-02  0.515E-02
-21.845  0.894E-02  0.202E-03  0.216E-02  0.658E-02
-21.825  0.104E-01  0.215E-03  0.200E-02  0.816E-02
-21.805  0.119E-01  0.229E-03  0.182E-02  0.987E-02
-21.785  0.135E-01  0.243E-03  0.164E-02  0.117E-01
-21.765  0.152E-01  0.258E-03  0.145E-02  0.135E-01
-21.745  0.169E-01  0.274E-03  0.126E-02  0.154E-01
-21.725  0.186E-01  0.289E-03  0.108E-02  0.172E-01
-21.705  0.202E-01  0.304E-03  0.921E-03  0.189E-01
-21.685  0.216E-01  0.319E-03  0.777E-03  0.205E-01
-21.665  0.229E-01  0.332E-03  0.652E-03  0.219E-01
-21.645  0.240E-01  0.343E-03  0.548E-03  0.232E-01
-21.625  0.249E-01  0.353E-03  0.465E-03  0.241E-01
-21.605  0.256E-01  0.360E-03  0.402E-03  0.249E-01
-21.585  0.261E-01  0.366E-03  0.358E-03  0.254E-01
-21.565  0.264E-01  0.369E-03  0.330E-03  0.257E-01
-21.545  0.264E-01  0.371E-03  0.316E-03  0.257E-01
-21.525  0.264E-01  0.372E-03  0.314E-03  0.257E-01
-21.505  0.262E-01  0.373E-03  0.321E-03  0.255E-01
-21.485  0.260E-01  0.374E-03  0.337E-03  0.253E-01
-21.465  0.258E-01  0.376E-03  0.359E-03  0.251E-01
-21.445  0.257E-01  0.380E-03  0.385E-03  0.250E-01
-21.425  0.257E-01  0.386E-03  0.416E-03  0.249E-01
-21.405  0.259E-01  0.395E-03  0.450E-03  0.250E-01
-21.385  0.262E-01  0.407E-03  0.487E-03  0.253E-01
-21.365  0.268E-01  0.423E-03  0.527E-03  0.258E-01
-21.345  0.275E-01  0.442E-03  0.569E-03  0.265E-01
-21.325  0.284E-01  0.465E-03  0.613E-03  0.274E-01
-21.305  0.295E-01  0.490E-03  0.658E-03  0.284E-01
-21.285  0.308E-01  0.517E-03  0.705E-03  0.295E-01
-21.265  0.321E-01  0.546E-03  0.753E-03  0.308E-01
-21.245  0.334E-01  0.575E-03  0.801E-03  0.320E-01
-21.225  0.348E-01  0.604E-03  0.849E-03  0.333E-01
-21.205  0.360E-01  0.633E-03  0.895E-03  0.345E-01
-21.185  0.372E-01  0.659E-03  0.941E-03  0.356E-01
-21.165  0.382E-01  0.683E-03  0.984E-03  0.366E-01
-21.145  0.391E-01  0.704E-03  0.103E-02  0.374E-01
-21.125  0.397E-01  0.722E-03  0.106E-02  0.380E-01
-21.105  0.402E-01  0.737E-03  0.110E-02  0.384E-01
-21.085  0.405E-01  0.749E-03  0.113E-02  0.386E-01
-21.065  0.405E-01  0.757E-03  0.116E-02  0.386E-01
-21.045  0.404E-01  0.763E-03  0.119E-02  0.385E-01
-21.025  0.401E-01  0.766E-03  0.121E-02  0.382E-01
-21.005  0.397E-01  0.767E-03  0.123E-02  0.377E-01
-20.985  0.392E-01  0.767E-03  0.124E-02  0.372E-01
-20.965  0.386E-01  0.765E-03  0.125E-02  0.366E-01
-20.945  0.379E-01  0.762E-03  0.126E-02  0.359E-01
-20.925  0.372E-01  0.759E-03  0.126E-02  0.352E-01
-20.905  0.365E-01  0.755E-03  0.126E-02  0.345E-01
-20.885  0.358E-01  0.752E-03  0.124E-02  0.338E-01
-20.865  0.351E-01  0.748E-03  0.122E-02  0.331E-01
-20.845  0.344E-01  0.745E-03  0.118E-02  0.325E-01
-20.825  0.337E-01  0.743E-03  0.112E-02  0.319E-01
-20.805  0.331E-01  0.740E-03  0.104E-02  0.313E-01
-20.785  0.325E-01  0.739E-03  0.929E-03  0.308E-01
-20.765  0.319E-01  0.738E-03  0.785E-03  0.304E-01
-20.745  0.314E-01  0.737E-03  0.598E-03  0.301E-01
-20.725  0.310E-01  0.738E-03  0.361E-03  0.299E-01
-20.705  0.306E-01  0.739E-03  0.645E-04  0.298E-01
-20.685  0.302E-01  0.742E-03 -0.299E-03  0.298E-01
-20.665  0.299E-01  0.746E-03 -0.734E-03  0.299E-01
-20.645  0.297E-01  0.751E-03 -0.124E-02  0.302E-01
-20.625  0.295E-01  0.759E-03 -0.182E-02  0.305E-01
-20.605  0.293E-01  0.770E-03 -0.246E-02  0.310E-01
-20.585  0.292E-01  0.786E-03 -0.312E-02  0.316E-01
-20.565  0.293E-01  0.808E-03 -0.378E-02  0.322E-01
-20.545  0.294E-01  0.838E-03 -0.437E-02  0.330E-01
-20.525  0.298E-01  0.879E-03 -0.481E-02  0.337E-01
-20.505  0.305E-01  0.934E-03 -0.499E-02  0.345E-01
-20.485  0.315E-01  0.101E-02 -0.478E-02  0.353E-01
-20.465  0.331E-01  0.111E-02 -0.402E-02  0.360E-01
-20.445  0.354E-01  0.123E-02 -0.252E-02  0.367E-01
-20.425  0.386E-01  0.139E-02 -0.787E-04  0.373E-01
-20.405  0.430E-01  0.160E-02  0.354E-02  0.378E-01
-20.385  0.486E-01  0.184E-02  0.856E-02  0.382E-01
-20.365  0.559E-01  0.214E-02  0.152E-01  0.385E-01
-20.345  0.649E-01  0.249E-02  0.237E-01  0.387E-01
-20.325  0.758E-01  0.289E-02  0.341E-01  0.387E-01
-20.305  0.887E-01  0.334E-02  0.467E-01  0.387E-01
-20.285  0.104E+00  0.384E-02  0.614E-01  0.385E-01
-20.265  0.121E+00  0.439E-02  0.782E-01  0.382E-01
-20.245  0.140E+00  0.497E-02  0.968E-01  0.378E-01
-20.225  0.160E+00  0.556E-02  0.117E+00  0.374E-01
-20.205  0.182E+00  0.617E-02  0.139E+00  0.369E-01
-20.185  0.204E+00  0.676E-02  0.161E+00  0.363E-01
-20.165  0.227E+00  0.731E-02  0.184E+00  0.358E-01
-20.145  0.250E+00  0.782E-02  0.206E+00  0.353E-01
-20.125  0.271E+00  0.826E-02  0.228E+00  0.348E-01
-20.105  0.290E+00  0.861E-02  0.247E+00  0.344E-01
-20.085  0.307E+00  0.885E-02  0.264E+00  0.341E-01
-20.065  0.321E+00  0.899E-02  0.278E+00  0.338E-01
-20.045  0.331E+00  0.900E-02  0.288E+00  0.337E-01
-20.025  0.337E+00  0.889E-02  0.295E+00  0.338E-01
-20.005  0.339E+00  0.867E-02  0.297E+00  0.340E-01
-19.985  0.337E+00  0.833E-02  0.294E+00  0.343E-01
-19.965  0.331E+00  0.788E-02  0.288E+00  0.348E-01
-19.945  0.320E+00  0.736E-02  0.277E+00  0.355E-01
-19.925  0.306E+00  0.677E-02  0.263E+00  0.362E-01
-19.905  0.289E+00  0.613E-02  0.246E+00  0.371E-01
-19.885  0.269E+00  0.547E-02  0.226E+00  0.381E-01
-19.865  0.248E+00  0.481E-02  0.204E+00  0.391E-01
-19.845  0.226E+00  0.417E-02  0.181E+00  0.401E-01
-19.825  0.203E+00  0.357E-02  0.159E+00  0.410E-01
-19.805  0.181E+00  0.301E-02  0.136E+00  0.419E-01
-19.785  0.160E+00  0.252E-02  0.115E+00  0.426E-01
-19.765  0.140E+00  0.209E-02  0.945E-01  0.431E-01
-19.745  0.121E+00  0.173E-02  0.763E-01  0.434E-01
-19.725  0.105E+00  0.144E-02  0.603E-01  0.434E-01
-19.705  0.909E-01  0.123E-02  0.466E-01  0.431E-01
-19.685  0.786E-01  0.107E-02  0.351E-01  0.424E-01
-19.665  0.683E-01  0.958E-03  0.259E-01  0.414E-01
-19.645  0.597E-01  0.893E-03  0.188E-01  0.400E-01
-19.625  0.525E-01  0.859E-03  0.135E-01  0.382E-01
-19.605  0.466E-01  0.847E-03  0.969E-02  0.361E-01
-19.585  0.417E-01  0.848E-03  0.718E-02  0.336E-01
-19.565  0.374E-01  0.853E-03  0.564E-02  0.309E-01
-19.545  0.336E-01  0.855E-03  0.481E-02  0.280E-01
-19.525  0.302E-01  0.848E-03  0.442E-02  0.249E-01
-19.505  0.269E-01  0.830E-03  0.430E-02  0.217E-01
-19.485  0.236E-01  0.799E-03  0.427E-02  0.186E-01
-19.465  0.205E-01  0.754E-03  0.424E-02  0.155E-01
-19.445  0.174E-01  0.697E-03  0.415E-02  0.125E-01
-19.425  0.144E-01  0.629E-03  0.396E-02  0.985E-02
-19.405  0.118E-01  0.554E-03  0.371E-02  0.749E-02
-19.385  0.943E-02  0.475E-03  0.343E-02  0.552E-02
-19.365  0.760E-02  0.395E-03  0.319E-02  0.402E-02
-19.345  0.642E-02  0.318E-03  0.307E-02  0.303E-02
-19.325  0.599E-02  0.247E-03  0.314E-02  0.261E-02
-19.305  0.645E-02  0.184E-03  0.348E-02  0.278E-02
-19.285  0.786E-02  0.133E-03  0.416E-02  0.356E-02
-19.265  0.103E-01  0.942E-04  0.523E-02  0.496E-02
-19.245  0.137E-01  0.694E-04  0.672E-02  0.696E-02
-19.225  0.182E-01  0.590E-04  0.864E-02  0.952E-02
-19.205  0.236E-01  0.631E-04  0.110E-01  0.126E-01
-19.185  0.299E-01  0.812E-04  0.137E-01  0.161E-01
-19.165  0.369E-01  0.113E-03  0.168E-01  0.200E-01
-19.145  0.445E-01  0.156E-03  0.202E-01  0.242E-01
-19.125  0.525E-01  0.212E-03  0.237E-01  0.285E-01
-19.105  0.606E-01  0.277E-03  0.274E-01  0.329E-01
-19.085  0.687E-01  0.350E-03  0.311E-01  0.372E-01
-19.065  0.766E-01  0.431E-03  0.348E-01  0.413E-01
-19.045  0.840E-01  0.517E-03  0.383E-01  0.452E-01
-19.025  0.909E-01  0.609E-03  0.416E-01  0.487E-01
-19.005  0.970E-01  0.703E-03  0.445E-01  0.517E-01
-18.985  0.102E+00  0.799E-03  0.472E-01  0.543E-01
-18.965  0.107E+00  0.896E-03  0.494E-01  0.563E-01
-18.945  0.110E+00  0.992E-03  0.513E-01  0.577E-01
-18.925  0.112E+00  0.109E-02  0.527E-01  0.586E-01
-18.905  0.114E+00  0.118E-02  0.537E-01  0.590E-01
-18.885  0.114E+00  0.126E-02  0.544E-01  0.588E-01
-18.865  0.114E+00  0.134E-02  0.546E-01  0.582E-01
-18.845  0.113E+00  0.141E-02  0.545E-01  0.573E-01
-18.825  0.112E+00  0.148E-02  0.542E-01  0.560E-01
-18.805  0.109E+00  0.153E-02  0.535E-01  0.544E-01
-18.785  0.107E+00  0.157E-02  0.526E-01  0.527E-01
-18.765  0.104E+00  0.160E-02  0.515E-01  0.508E-01
-18.745  0.101E+00  0.162E-02  0.501E-01  0.489E-01
-18.725  0.973E-01  0.162E-02  0.487E-01  0.470E-01
-18.705  0.938E-01  0.161E-02  0.470E-01  0.451E-01
-18.685  0.902E-01  0.159E-02  0.453E-01  0.433E-01
-18.665  0.866E-01  0.156E-02  0.435E-01  0.416E-01
-18.645  0.831E-01  0.152E-02  0.416E-01  0.400E-01
-18.625  0.797E-01  0.147E-02  0.396E-01  0.386E-01
-18.605  0.764E-01  0.142E-02  0.377E-01  0.373E-01
-18.585  0.734E-01  0.136E-02  0.357E-01  0.363E-01
-18.565  0.707E-01  0.131E-02  0.338E-01  0.356E-01
-18.545  0.683E-01  0.126E-02  0.320E-01  0.351E-01
-18.525  0.663E-01  0.122E-02  0.303E-01  0.349E-01
-18.505  0.648E-01  0.119E-02  0.287E-01  0.349E-01
-18.485  0.637E-01  0.118E-02  0.273E-01  0.353E-01
-18.465  0.632E-01  0.118E-02  0.260E-01  0.360E-01
-18.445  0.631E-01  0.119E-02  0.250E-01  0.369E-01
-18.425  0.636E-01  0.123E-02  0.243E-01  0.381E-01
-18.405  0.645E-01  0.128E-02  0.237E-01  0.395E-01
-18.385  0.659E-01  0.134E-02  0.234E-01  0.411E-01
-18.365  0.677E-01  0.142E-02  0.234E-01  0.429E-01
-18.345  0.697E-01  0.152E-02  0.235E-01  0.447E-01
-18.325  0.720E-01  0.163E-02  0.239E-01  0.465E-01
-18.305  0.745E-01  0.174E-02  0.245E-01  0.482E-01
-18.285  0.770E-01  0.187E-02  0.253E-01  0.499E-01
-18.265  0.795E-01  0.200E-02  0.262E-01  0.513E-01
-18.245  0.819E-01  0.213E-02  0.272E-01  0.525E-01
-18.225  0.841E-01  0.226E-02  0.283E-01  0.535E-01
-18.205  0.861E-01  0.239E-02  0.295E-01  0.543E-01
-18.185  0.878E-01  0.251E-02  0.306E-01  0.547E-01
-18.165  0.893E-01  0.263E-02  0.317E-01  0.549E-01
-18.145  0.904E-01  0.273E-02  0.328E-01  0.549E-01
-18.125  0.912E-01  0.283E-02  0.337E-01  0.547E-01
-18.105  0.917E-01  0.291E-02  0.344E-01  0.544E-01
-18.085  0.919E-01  0.297E-02  0.350E-01  0.539E-01
-18.065  0.917E-01  0.302E-02  0.353E-01  0.534E-01
-18.045  0.913E-01  0.305E-02  0.354E-01  0.528E-01
-18.025  0.905E-01  0.305E-02  0.352E-01  0.523E-01
-18.005  0.895E-01  0.303E-02  0.347E-01  0.517E-01
-17.985  0.882E-01  0.300E-02  0.339E-01  0.513E-01
-17.965  0.867E-01  0.294E-02  0.329E-01  0.509E-01
-17.945  0.850E-01  0.286E-02  0.316E-01  0.506E-01
-17.925  0.832E-01  0.277E-02  0.301E-01  0.503E-01
-17.905  0.813E-01  0.267E-02  0.285E-01  0.501E-01
-17.885  0.793E-01  0.256E-02  0.267E-01  0.500E-01
-17.865  0.774E-01  0.244E-02  0.250E-01  0.499E-01
-17.845  0.755E-01  0.233E-02  0.233E-01  0.499E-01
-17.825  0.739E-01  0.223E-02  0.218E-01  0.499E-01
-17.805  0.726E-01  0.215E-02  0.206E-01  0.499E-01
-17.785  0.716E-01  0.208E-02  0.196E-01  0.499E-01
-17.765  0.710E-01  0.204E-02  0.191E-01  0.499E-01
-17.745  0.709E-01  0.203E-02  0.190E-01  0.499E-01
-17.725  0.713E-01  0.205E-02  0.193E-01  0.499E-01
-17.705  0.723E-01  0.209E-02  0.202E-01  0.500E-01
-17.685  0.737E-01  0.217E-02  0.216E-01  0.499E-01
-17.665  0.756E-01  0.227E-02  0.235E-01  0.499E-01
-17.645  0.780E-01  0.240E-02  0.258E-01  0.498E-01
-17.625  0.807E-01  0.254E-02  0.285E-01  0.497E-01
-17.605  0.837E-01  0.269E-02  0.315E-01  0.495E-01
-17.585  0.868E-01  0.285E-02  0.347E-01  0.492E-01
-17.565  0.900E-01  0.301E-02  0.381E-01  0.489E-01
-17.545  0.931E-01  0.316E-02  0.415E-01  0.484E-01
-17.525  0.960E-01  0.329E-02  0.448E-01  0.480E-01
-17.505  0.987E-01  0.341E-02  0.479E-01  0.474E-01
-17.485  0.101E+00  0.350E-02  0.507E-01  0.468E-01
-17.465  0.103E+00  0.357E-02  0.531E-01  0.462E-01
-17.445  0.104E+00  0.361E-02  0.551E-01  0.455E-01
-17.425  0.105E+00  0.363E-02  0.567E-01  0.448E-01
-17.405  0.106E+00  0.362E-02  0.578E-01  0.442E-01
-17.385  0.106E+00  0.359E-02  0.585E-01  0.437E-01
-17.365  0.105E+00  0.354E-02  0.587E-01  0.432E-01
-17.345  0.105E+00  0.348E-02  0.585E-01  0.428E-01
-17.325  0.104E+00  0.340E-02  0.579E-01  0.426E-01
-17.305  0.103E+00  0.331E-02  0.571E-01  0.425E-01
-17.285  0.102E+00  0.322E-02  0.561E-01  0.425E-01
-17.265  0.101E+00  0.312E-02  0.550E-01  0.427E-01
-17.245  0.998E-01  0.302E-02  0.537E-01  0.431E-01
-17.225  0.988E-01  0.292E-02  0.523E-01  0.436E-01
-17.205  0.980E-01  0.283E-02  0.509E-01  0.443E-01
-17.185  0.972E-01  0.273E-02  0.494E-01  0.451E-01
-17.165  0.965E-01  0.263E-02  0.478E-01  0.461E-01
-17.145  0.958E-01  0.253E-02  0.461E-01  0.471E-01
-17.125  0.950E-01  0.243E-02  0.443E-01  0.482E-01
-17.105  0.941E-01  0.233E-02  0.424E-01  0.494E-01
-17.085  0.930E-01  0.222E-02  0.403E-01  0.505E-01
-17.065  0.916E-01  0.210E-02  0.380E-01  0.516E-01
-17.045  0.900E-01  0.198E-02  0.355E-01  0.525E-01
-17.025  0.879E-01  0.186E-02  0.328E-01  0.532E-01
-17.005  0.855E-01  0.174E-02  0.301E-01  0.537E-01
-16.985  0.826E-01  0.161E-02  0.271E-01  0.539E-01
-16.965  0.793E-01  0.148E-02  0.242E-01  0.537E-01
-16.945  0.756E-01  0.135E-02  0.212E-01  0.531E-01
-16.925  0.715E-01  0.122E-02  0.183E-01  0.520E-01
-16.905  0.671E-01  0.110E-02  0.154E-01  0.505E-01
-16.885  0.623E-01  0.984E-03  0.128E-01  0.486E-01
-16.865  0.573E-01  0.870E-03  0.103E-01  0.461E-01
-16.845  0.521E-01  0.763E-03  0.806E-02  0.433E-01
-16.825  0.469E-01  0.663E-03  0.607E-02  0.401E-01
-16.805  0.416E-01  0.569E-03  0.435E-02  0.367E-01
-16.785  0.363E-01  0.482E-03  0.289E-02  0.330E-01
-16.765  0.313E-01  0.403E-03  0.169E-02  0.292E-01
-16.745  0.264E-01  0.330E-03  0.736E-03  0.253E-01
-16.725  0.218E-01  0.265E-03 -0.155E-05  0.215E-01
-16.705  0.175E-01  0.206E-03 -0.546E-03  0.178E-01
-16.685  0.136E-01  0.154E-03 -0.925E-03  0.144E-01
-16.665  0.101E-01  0.109E-03 -0.117E-02  0.112E-01
-16.645  0.703E-02  0.697E-04 -0.130E-02  0.826E-02
-16.625  0.439E-02  0.365E-04 -0.135E-02  0.570E-02
-16.605  0.217E-02  0.866E-05 -0.133E-02  0.349E-02
-16.585  0.348E-03 -0.141E-04 -0.127E-02  0.163E-02
-16.565 -0.112E-02 -0.324E-04 -0.118E-02  0.937E-04
-16.545 -0.226E-02 -0.468E-04 -0.107E-02 -0.114E-02
-16.525 -0.312E-02 -0.581E-04 -0.960E-03 -0.210E-02
-16.505 -0.376E-02 -0.668E-04 -0.851E-03 -0.284E-02
-16.485 -0.421E-02 -0.737E-04 -0.751E-03 -0.339E-02
-16.465 -0.453E-02 -0.793E-04 -0.665E-03 -0.379E-02
-16.445 -0.476E-02 -0.844E-04 -0.597E-03 -0.407E-02
-16.425 -0.491E-02 -0.894E-04 -0.552E-03 -0.427E-02
-16.405 -0.502E-02 -0.948E-04 -0.533E-03 -0.439E-02
-16.385 -0.510E-02 -0.101E-03 -0.546E-03 -0.445E-02
-16.365 -0.515E-02 -0.108E-03 -0.598E-03 -0.445E-02
-16.345 -0.517E-02 -0.115E-03 -0.696E-03 -0.436E-02
-16.325 -0.513E-02 -0.124E-03 -0.850E-03 -0.415E-02
-16.305 -0.502E-02 -0.134E-03 -0.107E-02 -0.381E-02
-16.285 -0.480E-02 -0.144E-03 -0.138E-02 -0.327E-02
-16.265 -0.444E-02 -0.155E-03 -0.178E-02 -0.250E-02
-16.245 -0.391E-02 -0.166E-03 -0.230E-02 -0.145E-02
-16.225 -0.318E-02 -0.177E-03 -0.295E-02 -0.565E-04
-16.205 -0.223E-02 -0.187E-03 -0.375E-02  0.171E-02
-16.185 -0.102E-02 -0.196E-03 -0.472E-02  0.389E-02
-16.165  0.458E-03 -0.203E-03 -0.585E-02  0.651E-02
-16.145  0.221E-02 -0.206E-03 -0.714E-02  0.956E-02
-16.125  0.425E-02 -0.205E-03 -0.858E-02  0.130E-01
-16.105  0.659E-02 -0.197E-03 -0.101E-01  0.169E-01
-16.085  0.924E-02 -0.178E-03 -0.117E-01  0.211E-01
-16.065  0.122E-01 -0.145E-03 -0.132E-01  0.256E-01
-16.045  0.156E-01 -0.917E-04 -0.146E-01  0.303E-01
-16.025  0.195E-01 -0.108E-04 -0.155E-01  0.350E-01
-16.005  0.239E-01  0.106E-03 -0.159E-01  0.397E-01
-15.985  0.291E-01  0.269E-03 -0.155E-01  0.443E-01
-15.965  0.352E-01  0.489E-03 -0.139E-01  0.486E-01
-15.945  0.424E-01  0.778E-03 -0.109E-01  0.525E-01
-15.925  0.511E-01  0.115E-02 -0.613E-02  0.561E-01
-15.905  0.614E-01  0.161E-02  0.692E-03  0.591E-01
-15.885  0.737E-01  0.218E-02  0.987E-02  0.617E-01
-15.865  0.881E-01  0.285E-02  0.216E-01  0.636E-01
-15.845  0.105E+00  0.364E-02  0.362E-01  0.651E-01
-15.825  0.124E+00  0.455E-02  0.535E-01  0.660E-01
-15.805  0.146E+00  0.555E-02  0.735E-01  0.664E-01
-15.785  0.169E+00  0.665E-02  0.960E-01  0.665E-01
-15.765  0.195E+00  0.782E-02  0.121E+00  0.663E-01
-15.745  0.222E+00  0.903E-02  0.147E+00  0.658E-01
-15.725  0.249E+00  0.103E-01  0.174E+00  0.653E-01
-15.705  0.277E+00  0.114E-01  0.201E+00  0.647E-01
-15.685  0.304E+00  0.126E-01  0.228E+00  0.642E-01
-15.665  0.330E+00  0.136E-01  0.252E+00  0.639E-01
-15.645  0.353E+00  0.145E-01  0.275E+00  0.638E-01
-15.625  0.373E+00  0.152E-01  0.293E+00  0.641E-01
-15.605  0.389E+00  0.156E-01  0.308E+00  0.648E-01
-15.585  0.400E+00  0.159E-01  0.318E+00  0.659E-01
-15.565  0.407E+00  0.159E-01  0.324E+00  0.676E-01
-15.545  0.409E+00  0.157E-01  0.324E+00  0.697E-01
-15.525  0.406E+00  0.152E-01  0.319E+00  0.724E-01
-15.505  0.399E+00  0.145E-01  0.309E+00  0.756E-01
-15.485  0.389E+00  0.136E-01  0.296E+00  0.792E-01
-15.465  0.374E+00  0.126E-01  0.279E+00  0.833E-01
-15.445  0.358E+00  0.114E-01  0.259E+00  0.876E-01
-15.425  0.340E+00  0.102E-01  0.238E+00  0.921E-01
-15.405  0.321E+00  0.897E-02  0.215E+00  0.967E-01
-15.385  0.302E+00  0.774E-02  0.193E+00  0.101E+00
-15.365  0.284E+00  0.657E-02  0.172E+00  0.105E+00
-15.345  0.266E+00  0.547E-02  0.151E+00  0.109E+00
-15.325  0.250E+00  0.448E-02  0.133E+00  0.112E+00
-15.305  0.235E+00  0.361E-02  0.117E+00  0.115E+00
-15.285  0.222E+00  0.286E-02  0.103E+00  0.116E+00
-15.265  0.211E+00  0.225E-02  0.915E-01  0.117E+00
-15.245  0.200E+00  0.177E-02  0.822E-01  0.117E+00
-15.225  0.192E+00  0.142E-02  0.749E-01  0.115E+00
-15.205  0.183E+00  0.117E-02  0.694E-01  0.113E+00
-15.185  0.176E+00  0.103E-02  0.655E-01  0.110E+00
-15.165  0.169E+00  0.981E-03  0.627E-01  0.106E+00
-15.145  0.163E+00  0.101E-02  0.608E-01  0.101E+00
-15.125  0.157E+00  0.109E-02  0.596E-01  0.962E-01
-15.105  0.151E+00  0.123E-02  0.588E-01  0.910E-01
-15.085  0.146E+00  0.141E-02  0.582E-01  0.859E-01
-15.065  0.140E+00  0.161E-02  0.578E-01  0.809E-01
-15.045  0.136E+00  0.183E-02  0.574E-01  0.764E-01
-15.025  0.131E+00  0.206E-02  0.569E-01  0.725E-01
-15.005  0.128E+00  0.228E-02  0.563E-01  0.692E-01
-14.985  0.125E+00  0.250E-02  0.556E-01  0.667E-01
-14.965  0.123E+00  0.270E-02  0.548E-01  0.650E-01
-14.945  0.121E+00  0.288E-02  0.539E-01  0.641E-01
-14.925  0.120E+00  0.303E-02  0.528E-01  0.640E-01
-14.905  0.119E+00  0.314E-02  0.516E-01  0.645E-01
-14.885  0.119E+00  0.322E-02  0.503E-01  0.656E-01
-14.865  0.119E+00  0.326E-02  0.488E-01  0.670E-01
-14.845  0.119E+00  0.325E-02  0.473E-01  0.686E-01
-14.825  0.119E+00  0.321E-02  0.456E-01  0.702E-01
-14.805  0.119E+00  0.313E-02  0.438E-01  0.717E-01
-14.785  0.118E+00  0.302E-02  0.420E-01  0.729E-01
-14.765  0.117E+00  0.288E-02  0.401E-01  0.738E-01
-14.745  0.115E+00  0.272E-02  0.382E-01  0.741E-01
-14.725  0.113E+00  0.254E-02  0.363E-01  0.739E-01
-14.705  0.110E+00  0.236E-02  0.345E-01  0.732E-01
-14.685  0.107E+00  0.217E-02  0.329E-01  0.719E-01
-14.665  0.103E+00  0.199E-02  0.313E-01  0.702E-01
-14.645  0.998E-01  0.181E-02  0.300E-01  0.681E-01
-14.625  0.961E-01  0.166E-02  0.288E-01  0.656E-01
-14.605  0.925E-01  0.151E-02  0.279E-01  0.631E-01
-14.585  0.890E-01  0.139E-02  0.272E-01  0.604E-01
-14.565  0.859E-01  0.128E-02  0.268E-01  0.579E-01
-14.545  0.833E-01  0.120E-02  0.266E-01  0.555E-01
-14.525  0.812E-01  0.113E-02  0.266E-01  0.534E-01
-14.505  0.797E-01  0.108E-02  0.269E-01  0.517E-01
-14.485  0.788E-01  0.104E-02  0.274E-01  0.503E-01
-14.465  0.785E-01  0.102E-02  0.282E-01  0.493E-01
-14.445  0.790E-01  0.101E-02  0.291E-01  0.488E-01
-14.425  0.800E-01  0.101E-02  0.303E-01  0.487E-01
-14.405  0.817E-01  0.101E-02  0.317E-01  0.490E-01
-14.385  0.839E-01  0.102E-02  0.333E-01  0.496E-01
-14.365  0.866E-01  0.103E-02  0.351E-01  0.505E-01
-14.345  0.898E-01  0.105E-02  0.371E-01  0.516E-01
-14.325  0.933E-01  0.107E-02  0.393E-01  0.530E-01
-14.305  0.972E-01  0.109E-02  0.417E-01  0.544E-01
-14.285  0.101E+00  0.111E-02  0.443E-01  0.559E-01
-14.265  0.106E+00  0.113E-02  0.471E-01  0.574E-01
-14.245  0.110E+00  0.115E-02  0.500E-01  0.588E-01
-14.225  0.114E+00  0.117E-02  0.530E-01  0.602E-01
-14.205  0.118E+00  0.119E-02  0.559E-01  0.613E-01
-14.185  0.122E+00  0.120E-02  0.587E-01  0.622E-01
-14.165  0.125E+00  0.121E-02  0.614E-01  0.628E-01
-14.145  0.128E+00  0.121E-02  0.638E-01  0.631E-01
-14.125  0.130E+00  0.121E-02  0.658E-01  0.630E-01
-14.105  0.131E+00  0.120E-02  0.672E-01  0.624E-01
-14.085  0.131E+00  0.118E-02  0.681E-01  0.614E-01
-14.065  0.129E+00  0.115E-02  0.683E-01  0.599E-01
-14.045  0.127E+00  0.111E-02  0.678E-01  0.579E-01
-14.025  0.123E+00  0.106E-02  0.665E-01  0.554E-01
-14.005  0.118E+00  0.999E-03  0.644E-01  0.524E-01
-13.985  0.112E+00  0.931E-03  0.616E-01  0.490E-01
-13.965  0.104E+00  0.855E-03  0.582E-01  0.452E-01
-13.945  0.960E-01  0.772E-03  0.541E-01  0.412E-01
-13.925  0.870E-01  0.682E-03  0.495E-01  0.369E-01
-13.905  0.775E-01  0.589E-03  0.445E-01  0.324E-01
-13.885  0.677E-01  0.493E-03  0.393E-01  0.279E-01
-13.865  0.578E-01  0.396E-03  0.340E-01  0.234E-01
-13.845  0.481E-01  0.299E-03  0.287E-01  0.190E-01
-13.825  0.386E-01  0.203E-03  0.236E-01  0.148E-01
-13.805  0.297E-01  0.110E-03  0.187E-01  0.109E-01
-13.785  0.215E-01  0.213E-04  0.142E-01  0.721E-02
-13.765  0.140E-01 -0.626E-04  0.102E-01  0.388E-02
-13.745  0.735E-02 -0.140E-03  0.658E-02  0.911E-03
-13.725  0.163E-02 -0.210E-03  0.350E-02 -0.166E-02
-13.705 -0.316E-02 -0.271E-03  0.929E-03 -0.381E-02
-13.685 -0.698E-02 -0.319E-03 -0.114E-02 -0.553E-02
-13.665 -0.985E-02 -0.353E-03 -0.271E-02 -0.678E-02
-13.645 -0.117E-01 -0.369E-03 -0.383E-02 -0.755E-02
-13.625 -0.127E-01 -0.363E-03 -0.451E-02 -0.778E-02
-13.605 -0.126E-01 -0.330E-03 -0.479E-02 -0.744E-02
-13.585 -0.114E-01 -0.266E-03 -0.470E-02 -0.649E-02
-13.565 -0.926E-02 -0.164E-03 -0.425E-02 -0.485E-02
-13.545 -0.596E-02 -0.217E-04 -0.346E-02 -0.248E-02
-13.525 -0.151E-02  0.167E-03 -0.235E-02  0.676E-03
-13.505  0.413E-02  0.405E-03 -0.932E-03  0.466E-02
-13.485  0.110E-01  0.695E-03  0.783E-03  0.949E-02
-13.465  0.190E-01  0.104E-02  0.278E-02  0.152E-01
-13.445  0.282E-01  0.143E-02  0.503E-02  0.217E-01
-13.425  0.384E-01  0.187E-02  0.752E-02  0.290E-01
-13.405  0.496E-01  0.234E-02  0.102E-01  0.370E-01
-13.385  0.615E-01  0.285E-02  0.130E-01  0.456E-01
-13.365  0.740E-01  0.338E-02  0.160E-01  0.546E-01
-13.345  0.868E-01  0.392E-02  0.189E-01  0.639E-01
-13.325  0.996E-01  0.445E-02  0.218E-01  0.733E-01
-13.305  0.112E+00  0.496E-02  0.247E-01  0.826E-01
-13.285  0.124E+00  0.544E-02  0.273E-01  0.916E-01
-13.265  0.136E+00  0.587E-02  0.298E-01  0.100E+00
-13.245  0.146E+00  0.624E-02  0.319E-01  0.108E+00
-13.225  0.155E+00  0.655E-02  0.339E-01  0.115E+00
-13.205  0.164E+00  0.679E-02  0.355E-01  0.121E+00
-13.185  0.170E+00  0.696E-02  0.370E-01  0.126E+00
-13.165  0.176E+00  0.706E-02  0.383E-01  0.131E+00
-13.145  0.180E+00  0.709E-02  0.395E-01  0.134E+00
-13.125  0.184E+00  0.707E-02  0.407E-01  0.136E+00
-13.105  0.186E+00  0.700E-02  0.421E-01  0.137E+00
-13.085  0.188E+00  0.689E-02  0.437E-01  0.137E+00
-13.065  0.189E+00  0.676E-02  0.457E-01  0.137E+00
-13.045  0.190E+00  0.662E-02  0.482E-01  0.135E+00
-13.025  0.191E+00  0.649E-02  0.512E-01  0.133E+00
-13.005  0.192E+00  0.637E-02  0.548E-01  0.130E+00
-12.985  0.193E+00  0.626E-02  0.589E-01  0.127E+00
-12.965  0.194E+00  0.618E-02  0.636E-01  0.124E+00
-12.945  0.196E+00  0.613E-02  0.688E-01  0.121E+00
-12.925  0.198E+00  0.610E-02  0.742E-01  0.117E+00
-12.905  0.200E+00  0.609E-02  0.798E-01  0.114E+00
-12.885  0.202E+00  0.609E-02  0.854E-01  0.111E+00
-12.865  0.205E+00  0.610E-02  0.907E-01  0.108E+00
-12.845  0.207E+00  0.611E-02  0.956E-01  0.106E+00
-12.825  0.210E+00  0.611E-02  0.999E-01  0.104E+00
-12.805  0.212E+00  0.609E-02  0.103E+00  0.102E+00
-12.785  0.214E+00  0.604E-02  0.106E+00  0.102E+00
-12.765  0.215E+00  0.597E-02  0.108E+00  0.101E+00
-12.745  0.215E+00  0.587E-02  0.108E+00  0.101E+00
-12.725  0.215E+00  0.574E-02  0.108E+00  0.101E+00
-12.705  0.215E+00  0.558E-02  0.107E+00  0.102E+00
-12.685  0.213E+00  0.540E-02  0.105E+00  0.103E+00
-12.665  0.211E+00  0.520E-02  0.102E+00  0.104E+00
-12.645  0.208E+00  0.499E-02  0.991E-01  0.104E+00
-12.625  0.205E+00  0.478E-02  0.956E-01  0.104E+00
-12.605  0.201E+00  0.457E-02  0.919E-01  0.104E+00
-12.585  0.196E+00  0.438E-02  0.882E-01  0.104E+00
-12.565  0.191E+00  0.421E-02  0.846E-01  0.103E+00
-12.545  0.186E+00  0.406E-02  0.812E-01  0.101E+00
-12.525  0.181E+00  0.394E-02  0.783E-01  0.987E-01
-12.505  0.176E+00  0.385E-02  0.758E-01  0.960E-01
-12.485  0.170E+00  0.379E-02  0.739E-01  0.928E-01
-12.465  0.166E+00  0.376E-02  0.727E-01  0.893E-01
-12.445  0.162E+00  0.376E-02  0.722E-01  0.857E-01
-12.425  0.158E+00  0.378E-02  0.725E-01  0.821E-01
-12.405  0.156E+00  0.382E-02  0.736E-01  0.787E-01
-12.385  0.155E+00  0.388E-02  0.756E-01  0.758E-01
-12.365  0.156E+00  0.394E-02  0.784E-01  0.734E-01
-12.345  0.158E+00  0.401E-02  0.822E-01  0.717E-01
-12.325  0.162E+00  0.407E-02  0.867E-01  0.708E-01
-12.305  0.167E+00  0.413E-02  0.920E-01  0.709E-01
-12.285  0.174E+00  0.417E-02  0.980E-01  0.720E-01
-12.265  0.183E+00  0.420E-02  0.104E+00  0.741E-01
-12.245  0.192E+00  0.421E-02  0.111E+00  0.770E-01
-12.225  0.203E+00  0.419E-02  0.118E+00  0.808E-01
-12.205  0.214E+00  0.415E-02  0.124E+00  0.853E-01
-12.185  0.225E+00  0.409E-02  0.130E+00  0.902E-01
-12.165  0.235E+00  0.401E-02  0.136E+00  0.954E-01
-12.145  0.244E+00  0.392E-02  0.140E+00  0.101E+00
-12.125  0.252E+00  0.381E-02  0.143E+00  0.106E+00
-12.105  0.258E+00  0.369E-02  0.144E+00  0.110E+00
-12.085  0.262E+00  0.358E-02  0.144E+00  0.114E+00
-12.065  0.263E+00  0.348E-02  0.142E+00  0.118E+00
-12.045  0.262E+00  0.339E-02  0.139E+00  0.120E+00
-12.025  0.258E+00  0.332E-02  0.134E+00  0.121E+00
-12.005  0.252E+00  0.328E-02  0.127E+00  0.122E+00
-11.985  0.244E+00  0.328E-02  0.120E+00  0.121E+00
-11.965  0.234E+00  0.331E-02  0.111E+00  0.120E+00
-11.945  0.223E+00  0.339E-02  0.102E+00  0.118E+00
-11.925  0.211E+00  0.350E-02  0.931E-01  0.115E+00
-11.905  0.199E+00  0.365E-02  0.838E-01  0.111E+00
-11.885  0.187E+00  0.384E-02  0.749E-01  0.108E+00
-11.865  0.175E+00  0.406E-02  0.666E-01  0.104E+00
-11.845  0.164E+00  0.430E-02  0.591E-01  0.101E+00
-11.825  0.154E+00  0.456E-02  0.525E-01  0.972E-01
-11.805  0.146E+00  0.482E-02  0.470E-01  0.940E-01
-11.785  0.139E+00  0.509E-02  0.427E-01  0.912E-01
-11.765  0.134E+00  0.534E-02  0.394E-01  0.888E-01
-11.745  0.130E+00  0.559E-02  0.371E-01  0.869E-01
-11.725  0.127E+00  0.581E-02  0.358E-01  0.853E-01
-11.705  0.125E+00  0.601E-02  0.352E-01  0.842E-01
-11.685  0.125E+00  0.618E-02  0.354E-01  0.835E-01
-11.665  0.125E+00  0.633E-02  0.360E-01  0.831E-01
-11.645  0.126E+00  0.645E-02  0.370E-01  0.830E-01
-11.625  0.128E+00  0.654E-02  0.383E-01  0.830E-01
-11.605  0.129E+00  0.661E-02  0.397E-01  0.832E-01
-11.585  0.131E+00  0.665E-02  0.411E-01  0.834E-01
-11.565  0.133E+00  0.668E-02  0.425E-01  0.836E-01
-11.545  0.134E+00  0.670E-02  0.438E-01  0.838E-01
-11.525  0.136E+00  0.670E-02  0.449E-01  0.839E-01
-11.505  0.136E+00  0.670E-02  0.459E-01  0.839E-01
-11.485  0.137E+00  0.669E-02  0.467E-01  0.838E-01
-11.465  0.138E+00  0.668E-02  0.474E-01  0.835E-01
-11.445  0.138E+00  0.668E-02  0.479E-01  0.832E-01
-11.425  0.138E+00  0.668E-02  0.483E-01  0.829E-01
-11.405  0.138E+00  0.670E-02  0.486E-01  0.825E-01
-11.385  0.138E+00  0.672E-02  0.488E-01  0.822E-01
-11.365  0.138E+00  0.676E-02  0.489E-01  0.820E-01
-11.345  0.138E+00  0.682E-02  0.490E-01  0.819E-01
-11.325  0.138E+00  0.690E-02  0.491E-01  0.821E-01
-11.305  0.139E+00  0.700E-02  0.491E-01  0.825E-01
-11.285  0.140E+00  0.713E-02  0.491E-01  0.832E-01
-11.265  0.141E+00  0.729E-02  0.491E-01  0.842E-01
-11.245  0.142E+00  0.747E-02  0.491E-01  0.855E-01
-11.225  0.144E+00  0.769E-02  0.489E-01  0.871E-01
-11.205  0.145E+00  0.793E-02  0.487E-01  0.888E-01
-11.185  0.147E+00  0.819E-02  0.484E-01  0.907E-01
-11.165  0.149E+00  0.847E-02  0.480E-01  0.926E-01
-11.145  0.151E+00  0.876E-02  0.475E-01  0.945E-01
-11.125  0.152E+00  0.905E-02  0.468E-01  0.963E-01
-11.105  0.153E+00  0.933E-02  0.460E-01  0.979E-01
-11.085  0.154E+00  0.960E-02  0.451E-01  0.992E-01
-11.065  0.154E+00  0.983E-02  0.441E-01  0.100E+00
-11.045  0.154E+00  0.100E-01  0.430E-01  0.101E+00
-11.025  0.153E+00  0.102E-01  0.420E-01  0.101E+00
-11.005  0.151E+00  0.103E-01  0.409E-01  0.100E+00
-10.985  0.150E+00  0.103E-01  0.400E-01  0.994E-01
-10.965  0.148E+00  0.103E-01  0.393E-01  0.981E-01
-10.945  0.146E+00  0.102E-01  0.389E-01  0.965E-01
-10.925  0.143E+00  0.101E-01  0.388E-01  0.945E-01
-10.905  0.141E+00  0.992E-02  0.390E-01  0.924E-01
-10.885  0.140E+00  0.979E-02  0.397E-01  0.902E-01
-10.865  0.139E+00  0.969E-02  0.410E-01  0.879E-01
-10.845  0.138E+00  0.964E-02  0.427E-01  0.858E-01
-10.825  0.139E+00  0.969E-02  0.449E-01  0.839E-01
-10.805  0.140E+00  0.987E-02  0.477E-01  0.823E-01
-10.785  0.142E+00  0.102E-01  0.510E-01  0.811E-01
-10.765  0.146E+00  0.107E-01  0.548E-01  0.803E-01
-10.745  0.150E+00  0.114E-01  0.590E-01  0.799E-01
-10.725  0.156E+00  0.123E-01  0.637E-01  0.800E-01
-10.705  0.163E+00  0.135E-01  0.686E-01  0.805E-01
-10.685  0.170E+00  0.148E-01  0.738E-01  0.815E-01
-10.665  0.178E+00  0.164E-01  0.792E-01  0.828E-01
-10.645  0.187E+00  0.180E-01  0.847E-01  0.844E-01
-10.625  0.196E+00  0.198E-01  0.901E-01  0.864E-01
-10.605  0.206E+00  0.216E-01  0.955E-01  0.885E-01
-10.585  0.215E+00  0.234E-01  0.101E+00  0.909E-01
-10.565  0.224E+00  0.251E-01  0.105E+00  0.935E-01
-10.545  0.232E+00  0.267E-01  0.109E+00  0.962E-01
-10.525  0.240E+00  0.281E-01  0.113E+00  0.991E-01
-10.505  0.247E+00  0.293E-01  0.116E+00  0.102E+00
-10.485  0.254E+00  0.302E-01  0.118E+00  0.106E+00
-10.465  0.259E+00  0.311E-01  0.119E+00  0.109E+00
-10.445  0.263E+00  0.318E-01  0.118E+00  0.113E+00
-10.425  0.267E+00  0.327E-01  0.117E+00  0.117E+00
-10.405  0.270E+00  0.338E-01  0.115E+00  0.122E+00
-10.385  0.273E+00  0.355E-01  0.111E+00  0.126E+00
-10.365  0.276E+00  0.380E-01  0.107E+00  0.131E+00
-10.345  0.280E+00  0.418E-01  0.102E+00  0.136E+00
-10.325  0.285E+00  0.473E-01  0.959E-01  0.142E+00
-10.305  0.292E+00  0.549E-01  0.896E-01  0.147E+00
-10.285  0.300E+00  0.651E-01  0.831E-01  0.152E+00
-10.265  0.312E+00  0.781E-01  0.766E-01  0.157E+00
-10.245  0.326E+00  0.943E-01  0.705E-01  0.162E+00
-10.225  0.345E+00  0.114E+00  0.650E-01  0.166E+00
-10.205  0.367E+00  0.137E+00  0.603E-01  0.169E+00
-10.185  0.393E+00  0.164E+00  0.566E-01  0.172E+00
-10.165  0.422E+00  0.193E+00  0.543E-01  0.175E+00
-10.145  0.456E+00  0.225E+00  0.532E-01  0.177E+00
-10.125  0.491E+00  0.260E+00  0.536E-01  0.178E+00
-10.105  0.529E+00  0.295E+00  0.555E-01  0.179E+00
-10.085  0.568E+00  0.330E+00  0.587E-01  0.180E+00
-10.065  0.608E+00  0.364E+00  0.632E-01  0.180E+00
-10.045  0.645E+00  0.396E+00  0.688E-01  0.180E+00
-10.025  0.681E+00  0.425E+00  0.753E-01  0.180E+00
-10.005  0.713E+00  0.449E+00  0.826E-01  0.181E+00
 -9.985  0.740E+00  0.468E+00  0.902E-01  0.181E+00
 -9.965  0.761E+00  0.481E+00  0.979E-01  0.182E+00
 -9.945  0.777E+00  0.488E+00  0.106E+00  0.183E+00
 -9.925  0.785E+00  0.488E+00  0.113E+00  0.185E+00
 -9.905  0.787E+00  0.481E+00  0.119E+00  0.186E+00
 -9.885  0.781E+00  0.468E+00  0.125E+00  0.188E+00
 -9.865  0.770E+00  0.450E+00  0.130E+00  0.190E+00
 -9.845  0.752E+00  0.427E+00  0.134E+00  0.192E+00
 -9.825  0.730E+00  0.400E+00  0.136E+00  0.193E+00
 -9.805  0.703E+00  0.371E+00  0.138E+00  0.194E+00
 -9.785  0.674E+00  0.341E+00  0.138E+00  0.195E+00
 -9.765  0.643E+00  0.311E+00  0.138E+00  0.195E+00
 -9.745  0.612E+00  0.281E+00  0.137E+00  0.194E+00
 -9.725  0.581E+00  0.254E+00  0.135E+00  0.193E+00
 -9.705  0.552E+00  0.229E+00  0.133E+00  0.190E+00
 -9.685  0.525E+00  0.207E+00  0.130E+00  0.187E+00
 -9.665  0.500E+00  0.189E+00  0.127E+00  0.184E+00
 -9.645  0.479E+00  0.175E+00  0.125E+00  0.179E+00
 -9.625  0.462E+00  0.164E+00  0.123E+00  0.174E+00
 -9.605  0.447E+00  0.157E+00  0.122E+00  0.168E+00
 -9.585  0.436E+00  0.153E+00  0.121E+00  0.162E+00
 -9.565  0.429E+00  0.152E+00  0.121E+00  0.156E+00
 -9.545  0.424E+00  0.153E+00  0.122E+00  0.149E+00
 -9.525  0.422E+00  0.156E+00  0.124E+00  0.142E+00
 -9.505  0.423E+00  0.160E+00  0.127E+00  0.135E+00
 -9.485  0.425E+00  0.165E+00  0.131E+00  0.129E+00
 -9.465  0.429E+00  0.170E+00  0.136E+00  0.122E+00
 -9.445  0.435E+00  0.175E+00  0.142E+00  0.117E+00
 -9.425  0.441E+00  0.180E+00  0.149E+00  0.111E+00
 -9.405  0.448E+00  0.184E+00  0.157E+00  0.107E+00
 -9.385  0.455E+00  0.187E+00  0.165E+00  0.103E+00
 -9.365  0.462E+00  0.189E+00  0.173E+00  0.995E-01
 -9.345  0.469E+00  0.191E+00  0.181E+00  0.972E-01
 -9.325  0.475E+00  0.191E+00  0.189E+00  0.956E-01
 -9.305  0.480E+00  0.190E+00  0.196E+00  0.947E-01
 -9.285  0.485E+00  0.188E+00  0.202E+00  0.943E-01
 -9.265  0.487E+00  0.185E+00  0.208E+00  0.945E-01
 -9.245  0.489E+00  0.182E+00  0.212E+00  0.950E-01
 -9.225  0.488E+00  0.178E+00  0.214E+00  0.957E-01
 -9.205  0.485E+00  0.174E+00  0.215E+00  0.964E-01
 -9.185  0.480E+00  0.169E+00  0.214E+00  0.970E-01
 -9.165  0.472E+00  0.164E+00  0.211E+00  0.973E-01
 -9.145  0.463E+00  0.159E+00  0.207E+00  0.972E-01
 -9.125  0.450E+00  0.153E+00  0.200E+00  0.967E-01
 -9.105  0.436E+00  0.148E+00  0.193E+00  0.956E-01
 -9.085  0.420E+00  0.143E+00  0.183E+00  0.941E-01
 -9.065  0.403E+00  0.138E+00  0.173E+00  0.920E-01
 -9.045  0.384E+00  0.132E+00  0.162E+00  0.895E-01
 -9.025  0.364E+00  0.127E+00  0.150E+00  0.866E-01
 -9.005  0.343E+00  0.123E+00  0.137E+00  0.834E-01
 -8.985  0.322E+00  0.118E+00  0.124E+00  0.801E-01
 -8.965  0.302E+00  0.114E+00  0.111E+00  0.767E-01
 -8.945  0.282E+00  0.110E+00  0.987E-01  0.735E-01
 -8.925  0.263E+00  0.106E+00  0.865E-01  0.706E-01
 -8.905  0.246E+00  0.103E+00  0.749E-01  0.681E-01
 -8.885  0.230E+00  0.100E+00  0.642E-01  0.661E-01
 -8.865  0.217E+00  0.979E-01  0.543E-01  0.647E-01
 -8.845  0.206E+00  0.960E-01  0.456E-01  0.640E-01
 -8.825  0.197E+00  0.947E-01  0.380E-01  0.641E-01
 -8.805  0.190E+00  0.938E-01  0.317E-01  0.650E-01
 -8.785  0.187E+00  0.934E-01  0.266E-01  0.667E-01
 -8.765  0.186E+00  0.935E-01  0.229E-01  0.692E-01
 -8.745  0.187E+00  0.940E-01  0.205E-01  0.725E-01
 -8.725  0.191E+00  0.948E-01  0.195E-01  0.766E-01
 -8.705  0.197E+00  0.960E-01  0.196E-01  0.812E-01
 -8.685  0.205E+00  0.975E-01  0.210E-01  0.863E-01
 -8.665  0.214E+00  0.991E-01  0.234E-01  0.918E-01
 -8.645  0.225E+00  0.101E+00  0.268E-01  0.974E-01
 -8.625  0.237E+00  0.103E+00  0.310E-01  0.103E+00
 -8.605  0.249E+00  0.105E+00  0.358E-01  0.108E+00
 -8.585  0.261E+00  0.107E+00  0.412E-01  0.113E+00
 -8.565  0.273E+00  0.108E+00  0.469E-01  0.117E+00
 -8.545  0.284E+00  0.110E+00  0.527E-01  0.121E+00
 -8.525  0.293E+00  0.112E+00  0.584E-01  0.123E+00
 -8.505  0.301E+00  0.113E+00  0.639E-01  0.124E+00
 -8.485  0.308E+00  0.115E+00  0.691E-01  0.124E+00
 -8.465  0.312E+00  0.116E+00  0.738E-01  0.122E+00
 -8.445  0.314E+00  0.117E+00  0.778E-01  0.120E+00
 -8.425  0.314E+00  0.118E+00  0.812E-01  0.116E+00
 -8.405  0.313E+00  0.118E+00  0.838E-01  0.110E+00
 -8.385  0.309E+00  0.119E+00  0.857E-01  0.104E+00
 -8.365  0.304E+00  0.120E+00  0.868E-01  0.974E-01
 -8.345  0.298E+00  0.121E+00  0.872E-01  0.900E-01
 -8.325  0.291E+00  0.122E+00  0.870E-01  0.824E-01
 -8.305  0.283E+00  0.122E+00  0.862E-01  0.747E-01
 -8.285  0.276E+00  0.123E+00  0.849E-01  0.673E-01
 -8.265  0.268E+00  0.124E+00  0.832E-01  0.604E-01
 -8.245  0.261E+00  0.126E+00  0.813E-01  0.542E-01
 -8.225  0.255E+00  0.127E+00  0.792E-01  0.488E-01
 -8.205  0.250E+00  0.128E+00  0.772E-01  0.443E-01
 -8.185  0.245E+00  0.129E+00  0.751E-01  0.409E-01
 -8.165  0.243E+00  0.131E+00  0.733E-01  0.386E-01
 -8.145  0.241E+00  0.132E+00  0.717E-01  0.374E-01
 -8.125  0.241E+00  0.133E+00  0.705E-01  0.373E-01
 -8.105  0.242E+00  0.134E+00  0.695E-01  0.383E-01
 -8.085  0.244E+00  0.135E+00  0.689E-01  0.404E-01
 -8.065  0.248E+00  0.135E+00  0.688E-01  0.436E-01
 -8.045  0.252E+00  0.135E+00  0.689E-01  0.477E-01
 -8.025  0.258E+00  0.135E+00  0.694E-01  0.529E-01
 -8.005  0.264E+00  0.135E+00  0.701E-01  0.591E-01
 -7.985  0.271E+00  0.134E+00  0.710E-01  0.663E-01
 -7.965  0.279E+00  0.132E+00  0.721E-01  0.745E-01
 -7.945  0.287E+00  0.130E+00  0.731E-01  0.837E-01
 -7.925  0.296E+00  0.128E+00  0.742E-01  0.938E-01
 -7.905  0.306E+00  0.126E+00  0.751E-01  0.105E+00
 -7.885  0.317E+00  0.124E+00  0.759E-01  0.117E+00
 -7.865  0.327E+00  0.122E+00  0.764E-01  0.129E+00
 -7.845  0.338E+00  0.120E+00  0.766E-01  0.142E+00
 -7.825  0.350E+00  0.119E+00  0.766E-01  0.154E+00
 -7.805  0.361E+00  0.117E+00  0.763E-01  0.167E+00
 -7.785  0.372E+00  0.116E+00  0.756E-01  0.180E+00
 -7.765  0.382E+00  0.116E+00  0.748E-01  0.191E+00
 -7.745  0.392E+00  0.116E+00  0.737E-01  0.202E+00
 -7.725  0.400E+00  0.117E+00  0.725E-01  0.211E+00
 -7.705  0.407E+00  0.118E+00  0.712E-01  0.219E+00
 -7.685  0.413E+00  0.119E+00  0.699E-01  0.224E+00
 -7.665  0.417E+00  0.120E+00  0.687E-01  0.228E+00
 -7.645  0.419E+00  0.122E+00  0.677E-01  0.230E+00
 -7.625  0.419E+00  0.123E+00  0.669E-01  0.229E+00
 -7.605  0.417E+00  0.124E+00  0.663E-01  0.227E+00
 -7.585  0.413E+00  0.125E+00  0.661E-01  0.222E+00
 -7.565  0.408E+00  0.125E+00  0.663E-01  0.216E+00
 -7.545  0.401E+00  0.125E+00  0.668E-01  0.208E+00
 -7.525  0.392E+00  0.125E+00  0.677E-01  0.200E+00
 -7.505  0.382E+00  0.124E+00  0.689E-01  0.190E+00
 -7.485  0.371E+00  0.122E+00  0.704E-01  0.179E+00
 -7.465  0.360E+00  0.120E+00  0.723E-01  0.168E+00
 -7.445  0.347E+00  0.117E+00  0.743E-01  0.156E+00
 -7.425  0.335E+00  0.114E+00  0.765E-01  0.144E+00
 -7.405  0.322E+00  0.110E+00  0.788E-01  0.133E+00
 -7.385  0.309E+00  0.107E+00  0.811E-01  0.121E+00
 -7.365  0.296E+00  0.103E+00  0.833E-01  0.110E+00
 -7.345  0.283E+00  0.994E-01  0.854E-01  0.987E-01
 -7.325  0.271E+00  0.958E-01  0.873E-01  0.880E-01
 -7.305  0.259E+00  0.925E-01  0.889E-01  0.777E-01
 -7.285  0.248E+00  0.897E-01  0.904E-01  0.679E-01
 -7.265  0.238E+00  0.875E-01  0.916E-01  0.587E-01
 -7.245  0.229E+00  0.860E-01  0.926E-01  0.500E-01
 -7.225  0.221E+00  0.853E-01  0.934E-01  0.419E-01
 -7.205  0.214E+00  0.858E-01  0.942E-01  0.345E-01
 -7.185  0.210E+00  0.873E-01  0.949E-01  0.278E-01
 -7.165  0.208E+00  0.902E-01  0.958E-01  0.218E-01
 -7.145  0.208E+00  0.943E-01  0.968E-01  0.166E-01
 -7.125  0.210E+00  0.997E-01  0.981E-01  0.122E-01
 -7.105  0.215E+00  0.106E+00  0.998E-01  0.844E-02
 -7.085  0.222E+00  0.114E+00  0.102E+00  0.544E-02
 -7.065  0.231E+00  0.124E+00  0.104E+00  0.311E-02
 -7.045  0.242E+00  0.134E+00  0.107E+00  0.140E-02
 -7.025  0.255E+00  0.144E+00  0.110E+00  0.250E-03
 -7.005  0.268E+00  0.155E+00  0.113E+00 -0.426E-03
 -6.985  0.282E+00  0.166E+00  0.117E+00 -0.701E-03
 -6.965  0.296E+00  0.177E+00  0.120E+00 -0.654E-03
 -6.945  0.310E+00  0.188E+00  0.123E+00 -0.361E-03
 -6.925  0.322E+00  0.197E+00  0.125E+00  0.107E-03
 -6.905  0.332E+00  0.205E+00  0.127E+00  0.686E-03
 -6.885  0.340E+00  0.212E+00  0.127E+00  0.132E-02
 -6.865  0.345E+00  0.217E+00  0.127E+00  0.197E-02
 -6.845  0.348E+00  0.220E+00  0.125E+00  0.258E-02
 -6.825  0.347E+00  0.221E+00  0.122E+00  0.315E-02
 -6.805  0.343E+00  0.221E+00  0.118E+00  0.365E-02
 -6.785  0.336E+00  0.218E+00  0.113E+00  0.406E-02
 -6.765  0.326E+00  0.215E+00  0.107E+00  0.439E-02
 -6.745  0.314E+00  0.210E+00  0.997E-01  0.464E-02
 -6.725  0.300E+00  0.203E+00  0.917E-01  0.482E-02
 -6.705  0.284E+00  0.196E+00  0.833E-01  0.492E-02
 -6.685  0.268E+00  0.189E+00  0.745E-01  0.497E-02
 -6.665  0.252E+00  0.181E+00  0.656E-01  0.498E-02
 -6.645  0.235E+00  0.174E+00  0.569E-01  0.496E-02
 -6.625  0.220E+00  0.166E+00  0.486E-01  0.491E-02
 -6.605  0.206E+00  0.160E+00  0.408E-01  0.485E-02
 -6.585  0.193E+00  0.154E+00  0.337E-01  0.479E-02
 -6.565  0.182E+00  0.150E+00  0.274E-01  0.474E-02
 -6.545  0.174E+00  0.147E+00  0.220E-01  0.471E-02
 -6.525  0.167E+00  0.145E+00  0.174E-01  0.469E-02
 -6.505  0.163E+00  0.145E+00  0.136E-01  0.469E-02
 -6.485  0.162E+00  0.146E+00  0.107E-01  0.472E-02
 -6.465  0.162E+00  0.149E+00  0.853E-02  0.478E-02
 -6.445  0.165E+00  0.153E+00  0.702E-02  0.486E-02
 -6.425  0.168E+00  0.157E+00  0.609E-02  0.496E-02
 -6.405  0.174E+00  0.163E+00  0.563E-02  0.507E-02
 -6.385  0.180E+00  0.169E+00  0.554E-02  0.520E-02
 -6.365  0.186E+00  0.175E+00  0.573E-02  0.532E-02
 -6.345  0.193E+00  0.181E+00  0.610E-02  0.545E-02
 -6.325  0.199E+00  0.187E+00  0.660E-02  0.557E-02
 -6.305  0.204E+00  0.191E+00  0.714E-02  0.567E-02
 -6.285  0.208E+00  0.195E+00  0.767E-02  0.574E-02
 -6.265  0.211E+00  0.197E+00  0.816E-02  0.579E-02
 -6.245  0.213E+00  0.198E+00  0.858E-02  0.580E-02
 -6.225  0.213E+00  0.198E+00  0.891E-02  0.579E-02
 -6.205  0.211E+00  0.196E+00  0.914E-02  0.574E-02
 -6.185  0.208E+00  0.193E+00  0.928E-02  0.566E-02
 -6.165  0.203E+00  0.188E+00  0.932E-02  0.555E-02
 -6.145  0.197E+00  0.183E+00  0.929E-02  0.543E-02
 -6.125  0.191E+00  0.176E+00  0.919E-02  0.529E-02
 -6.105  0.184E+00  0.170E+00  0.905E-02  0.515E-02
 -6.085  0.177E+00  0.163E+00  0.889E-02  0.501E-02
 -6.065  0.170E+00  0.157E+00  0.871E-02  0.488E-02
 -6.045  0.164E+00  0.151E+00  0.853E-02  0.477E-02
 -6.025  0.158E+00  0.145E+00  0.837E-02  0.468E-02
 -6.005  0.153E+00  0.140E+00  0.822E-02  0.461E-02
 -5.985  0.149E+00  0.136E+00  0.811E-02  0.457E-02
 -5.965  0.146E+00  0.133E+00  0.801E-02  0.455E-02
 -5.945  0.143E+00  0.131E+00  0.794E-02  0.454E-02
 -5.925  0.142E+00  0.129E+00  0.788E-02  0.455E-02
 -5.905  0.140E+00  0.128E+00  0.783E-02  0.457E-02
 -5.885  0.139E+00  0.127E+00  0.777E-02  0.459E-02
 -5.865  0.138E+00  0.126E+00  0.771E-02  0.460E-02
 -5.845  0.137E+00  0.125E+00  0.764E-02  0.460E-02
 -5.825  0.136E+00  0.123E+00  0.754E-02  0.458E-02
 -5.805  0.134E+00  0.122E+00  0.742E-02  0.455E-02
 -5.785  0.132E+00  0.120E+00  0.727E-02  0.449E-02
 -5.765  0.129E+00  0.118E+00  0.711E-02  0.441E-02
 -5.745  0.126E+00  0.115E+00  0.692E-02  0.431E-02
 -5.725  0.123E+00  0.113E+00  0.673E-02  0.420E-02
 -5.705  0.121E+00  0.110E+00  0.655E-02  0.408E-02
 -5.685  0.118E+00  0.107E+00  0.637E-02  0.396E-02
 -5.665  0.115E+00  0.105E+00  0.622E-02  0.385E-02
 -5.645  0.114E+00  0.104E+00  0.610E-02  0.375E-02
 -5.625  0.113E+00  0.103E+00  0.603E-02  0.367E-02
 -5.605  0.113E+00  0.103E+00  0.600E-02  0.362E-02
 -5.585  0.114E+00  0.104E+00  0.603E-02  0.359E-02
 -5.565  0.116E+00  0.106E+00  0.610E-02  0.360E-02
 -5.545  0.119E+00  0.110E+00  0.624E-02  0.365E-02
 -5.525  0.124E+00  0.114E+00  0.642E-02  0.373E-02
 -5.505  0.129E+00  0.119E+00  0.664E-02  0.385E-02
 -5.485  0.136E+00  0.125E+00  0.690E-02  0.400E-02
 -5.465  0.143E+00  0.131E+00  0.718E-02  0.417E-02
 -5.445  0.150E+00  0.139E+00  0.749E-02  0.437E-02
 -5.425  0.159E+00  0.146E+00  0.781E-02  0.459E-02
 -5.405  0.168E+00  0.155E+00  0.814E-02  0.483E-02
 -5.385  0.177E+00  0.163E+00  0.847E-02  0.508E-02
 -5.365  0.186E+00  0.172E+00  0.880E-02  0.534E-02
 -5.345  0.195E+00  0.181E+00  0.912E-02  0.560E-02
 -5.325  0.205E+00  0.189E+00  0.942E-02  0.587E-02
 -5.305  0.214E+00  0.198E+00  0.971E-02  0.613E-02
 -5.285  0.222E+00  0.206E+00  0.999E-02  0.638E-02
 -5.265  0.231E+00  0.214E+00  0.102E-01  0.661E-02
 -5.245  0.238E+00  0.221E+00  0.105E-01  0.682E-02
 -5.225  0.244E+00  0.227E+00  0.106E-01  0.700E-02
 -5.205  0.249E+00  0.231E+00  0.108E-01  0.715E-02
 -5.185  0.253E+00  0.235E+00  0.109E-01  0.726E-02
 -5.165  0.255E+00  0.237E+00  0.109E-01  0.732E-02
 -5.145  0.255E+00  0.237E+00  0.109E-01  0.733E-02
 -5.125  0.253E+00  0.235E+00  0.109E-01  0.728E-02
 -5.105  0.250E+00  0.232E+00  0.108E-01  0.719E-02
 -5.085  0.245E+00  0.228E+00  0.106E-01  0.705E-02
 -5.065  0.239E+00  0.222E+00  0.104E-01  0.686E-02
 -5.045  0.232E+00  0.215E+00  0.101E-01  0.665E-02
 -5.025  0.224E+00  0.208E+00  0.986E-02  0.641E-02
 -5.005  0.216E+00  0.200E+00  0.958E-02  0.616E-02
 -4.985  0.209E+00  0.193E+00  0.931E-02  0.591E-02
 -4.965  0.202E+00  0.187E+00  0.906E-02  0.568E-02
 -4.945  0.196E+00  0.182E+00  0.885E-02  0.548E-02
 -4.925  0.192E+00  0.178E+00  0.869E-02  0.531E-02
 -4.905  0.190E+00  0.177E+00  0.858E-02  0.518E-02
 -4.885  0.190E+00  0.177E+00  0.853E-02  0.511E-02
 -4.865  0.192E+00  0.179E+00  0.854E-02  0.508E-02
 -4.845  0.196E+00  0.182E+00  0.860E-02  0.509E-02
 -4.825  0.201E+00  0.187E+00  0.871E-02  0.514E-02
 -4.805  0.207E+00  0.193E+00  0.884E-02  0.522E-02
 -4.785  0.213E+00  0.199E+00  0.898E-02  0.531E-02
 -4.765  0.220E+00  0.205E+00  0.910E-02  0.540E-02
 -4.745  0.225E+00  0.211E+00  0.919E-02  0.548E-02
 -4.725  0.229E+00  0.214E+00  0.923E-02  0.553E-02
 -4.705  0.231E+00  0.217E+00  0.920E-02  0.553E-02
 -4.685  0.231E+00  0.216E+00  0.909E-02  0.548E-02
 -4.665  0.228E+00  0.214E+00  0.888E-02  0.538E-02
 -4.645  0.222E+00  0.208E+00  0.857E-02  0.521E-02
 -4.625  0.213E+00  0.200E+00  0.817E-02  0.498E-02
 -4.605  0.202E+00  0.190E+00  0.768E-02  0.469E-02
 -4.585  0.188E+00  0.177E+00  0.710E-02  0.435E-02
 -4.565  0.172E+00  0.162E+00  0.647E-02  0.397E-02
 -4.545  0.155E+00  0.146E+00  0.578E-02  0.356E-02
 -4.525  0.137E+00  0.128E+00  0.507E-02  0.312E-02
 -4.505  0.118E+00  0.111E+00  0.435E-02  0.268E-02
 -4.485  0.992E-01  0.933E-01  0.364E-02  0.225E-02
 -4.465  0.812E-01  0.764E-01  0.297E-02  0.183E-02
 -4.445  0.643E-01  0.605E-01  0.234E-02  0.144E-02
 -4.425  0.489E-01  0.460E-01  0.176E-02  0.109E-02
 -4.405  0.351E-01  0.331E-01  0.125E-02  0.775E-03
 -4.385  0.233E-01  0.219E-01  0.817E-03  0.505E-03
 -4.365  0.133E-01  0.126E-01  0.451E-03  0.279E-03
 -4.345  0.523E-02  0.498E-02  0.156E-03  0.969E-04
 -4.325 -0.105E-02 -0.930E-03 -0.718E-04 -0.440E-04
 -4.305 -0.569E-02 -0.530E-02 -0.239E-03 -0.147E-03
 -4.285 -0.889E-02 -0.832E-02 -0.354E-03 -0.218E-03
 -4.265 -0.109E-01 -0.102E-01 -0.424E-03 -0.261E-03
 -4.245 -0.118E-01 -0.111E-01 -0.457E-03 -0.281E-03
 -4.225 -0.120E-01 -0.113E-01 -0.461E-03 -0.283E-03
 -4.205 -0.117E-01 -0.109E-01 -0.444E-03 -0.273E-03
 -4.185 -0.109E-01 -0.102E-01 -0.413E-03 -0.253E-03
 -4.165 -0.982E-02 -0.922E-02 -0.372E-03 -0.229E-03
 -4.145 -0.865E-02 -0.812E-02 -0.327E-03 -0.201E-03
 -4.125 -0.745E-02 -0.699E-02 -0.281E-03 -0.173E-03
 -4.105 -0.628E-02 -0.590E-02 -0.237E-03 -0.145E-03
 -4.085 -0.519E-02 -0.488E-02 -0.196E-03 -0.120E-03
 -4.065 -0.422E-02 -0.397E-02 -0.159E-03 -0.974E-04
 -4.045 -0.337E-02 -0.317E-02 -0.127E-03 -0.778E-04
 -4.025 -0.265E-02 -0.249E-02 -0.100E-03 -0.611E-04
 -4.005 -0.206E-02 -0.193E-02 -0.775E-04 -0.473E-04
 -3.985 -0.157E-02 -0.147E-02 -0.591E-04 -0.361E-04
 -3.965 -0.118E-02 -0.111E-02 -0.445E-04 -0.271E-04
 -3.945 -0.875E-03 -0.822E-03 -0.330E-04 -0.201E-04
 -3.925 -0.640E-03 -0.601E-03 -0.242E-04 -0.147E-04
 -3.905 -0.462E-03 -0.434E-03 -0.175E-04 -0.106E-04
 -3.885 -0.330E-03 -0.310E-03 -0.124E-04 -0.756E-05
 -3.865 -0.232E-03 -0.218E-03 -0.876E-05 -0.532E-05
 -3.845 -0.161E-03 -0.152E-03 -0.609E-05 -0.370E-05
 -3.825 -0.111E-03 -0.105E-03 -0.418E-05 -0.254E-05
 -3.805 -0.764E-04 -0.718E-04 -0.285E-05 -0.173E-05
 -3.785 -0.527E-04 -0.496E-04 -0.192E-05 -0.117E-05
 -3.765 -0.375E-04 -0.354E-04 -0.131E-05 -0.795E-06
 -3.745 -0.288E-04 -0.273E-04 -0.906E-06 -0.555E-06
 -3.725 -0.253E-04 -0.242E-04 -0.669E-06 -0.415E-06
 -3.705 -0.267E-04 -0.258E-04 -0.558E-06 -0.353E-06
 -3.685 -0.331E-04 -0.321E-04 -0.553E-06 -0.359E-06
 -3.665 -0.453E-04 -0.442E-04 -0.652E-06 -0.431E-06
 -3.645 -0.649E-04 -0.635E-04 -0.862E-06 -0.576E-06
 -3.625 -0.944E-04 -0.924E-04 -0.121E-05 -0.812E-06
 -3.605 -0.137E-03 -0.134E-03 -0.173E-05 -0.116E-05
 -3.585 -0.198E-03 -0.193E-03 -0.247E-05 -0.167E-05
 -3.565 -0.282E-03 -0.276E-03 -0.351E-05 -0.237E-05
 -3.545 -0.396E-03 -0.388E-03 -0.493E-05 -0.333E-05
 -3.525 -0.550E-03 -0.539E-03 -0.685E-05 -0.462E-05
 -3.505 -0.754E-03 -0.738E-03 -0.938E-05 -0.633E-05
 -3.485 -0.102E-02 -0.997E-03 -0.127E-04 -0.855E-05
 -3.465 -0.136E-02 -0.133E-02 -0.169E-04 -0.114E-04
 -3.445 -0.178E-02 -0.174E-02 -0.221E-04 -0.149E-04
 -3.425 -0.230E-02 -0.225E-02 -0.286E-04 -0.193E-04
 -3.405 -0.292E-02 -0.286E-02 -0.363E-04 -0.245E-04
 -3.385 -0.365E-02 -0.358E-02 -0.454E-04 -0.307E-04
 -3.365 -0.449E-02 -0.439E-02 -0.558E-04 -0.377E-04
 -3.345 -0.541E-02 -0.530E-02 -0.673E-04 -0.454E-04
 -3.325 -0.639E-02 -0.626E-02 -0.795E-04 -0.536E-04
 -3.305 -0.739E-02 -0.723E-02 -0.918E-04 -0.620E-04
 -3.285 -0.833E-02 -0.815E-02 -0.103E-03 -0.698E-04
 -3.265 -0.912E-02 -0.893E-02 -0.113E-03 -0.765E-04
 -3.245 -0.964E-02 -0.944E-02 -0.120E-03 -0.809E-04
 -3.225 -0.976E-02 -0.955E-02 -0.121E-03 -0.818E-04
 -3.205 -0.930E-02 -0.910E-02 -0.115E-03 -0.779E-04
 -3.185 -0.808E-02 -0.791E-02 -0.100E-03 -0.677E-04
 -3.165 -0.591E-02 -0.578E-02 -0.732E-04 -0.494E-04
 -3.145 -0.258E-02 -0.253E-02 -0.318E-04 -0.215E-04
 -3.125  0.208E-02  0.204E-02  0.261E-04  0.176E-04
 -3.105  0.823E-02  0.806E-02  0.103E-03  0.692E-04
 -3.085  0.160E-01  0.157E-01  0.199E-03  0.134E-03
 -3.065  0.254E-01  0.249E-01  0.316E-03  0.213E-03
 -3.045  0.364E-01  0.357E-01  0.453E-03  0.306E-03
 -3.025  0.490E-01  0.480E-01  0.609E-03  0.411E-03
 -3.005  0.629E-01  0.616E-01  0.781E-03  0.528E-03
 -2.985  0.778E-01  0.761E-01  0.966E-03  0.652E-03
 -2.965  0.933E-01  0.913E-01  0.116E-02  0.782E-03
 -2.945  0.109E+00  0.107E+00  0.135E-02  0.913E-03
 -2.925  0.124E+00  0.122E+00  0.154E-02  0.104E-02
 -2.905  0.139E+00  0.136E+00  0.172E-02  0.116E-02
 -2.885  0.151E+00  0.148E+00  0.188E-02  0.127E-02
 -2.865  0.162E+00  0.159E+00  0.201E-02  0.136E-02
 -2.845  0.170E+00  0.167E+00  0.211E-02  0.142E-02
 -2.825  0.176E+00  0.172E+00  0.217E-02  0.147E-02
 -2.805  0.178E+00  0.174E+00  0.219E-02  0.148E-02
 -2.785  0.177E+00  0.173E+00  0.217E-02  0.147E-02
 -2.765  0.173E+00  0.169E+00  0.211E-02  0.143E-02
 -2.745  0.166E+00  0.162E+00  0.200E-02  0.137E-02
 -2.725  0.156E+00  0.153E+00  0.186E-02  0.128E-02
 -2.705  0.143E+00  0.141E+00  0.169E-02  0.116E-02
 -2.685  0.129E+00  0.127E+00  0.148E-02  0.103E-02
 -2.665  0.114E+00  0.111E+00  0.125E-02  0.885E-03
 -2.645  0.971E-01  0.954E-01  0.101E-02  0.729E-03
 -2.625  0.805E-01  0.791E-01  0.755E-03  0.569E-03
 -2.605  0.640E-01  0.631E-01  0.496E-03  0.408E-03
 -2.585  0.483E-01  0.478E-01  0.241E-03  0.250E-03
 -2.565  0.336E-01  0.335E-01 -0.590E-05  0.983E-04
 -2.545  0.203E-01  0.206E-01 -0.238E-03 -0.424E-04
 -2.525  0.858E-02  0.920E-02 -0.448E-03 -0.169E-03
 -2.505 -0.139E-02 -0.479E-03 -0.630E-03 -0.279E-03
 -2.485 -0.949E-02 -0.835E-02 -0.777E-03 -0.367E-03
 -2.465 -0.157E-01 -0.144E-01 -0.880E-03 -0.432E-03
 -2.445 -0.199E-01 -0.185E-01 -0.929E-03 -0.467E-03
 -2.425 -0.221E-01 -0.207E-01 -0.915E-03 -0.469E-03
 -2.405 -0.223E-01 -0.210E-01 -0.826E-03 -0.433E-03
 -2.385 -0.204E-01 -0.194E-01 -0.651E-03 -0.353E-03
 -2.365 -0.164E-01 -0.158E-01 -0.378E-03 -0.225E-03
 -2.345 -0.102E-01 -0.101E-01  0.550E-05 -0.428E-04
 -2.325 -0.175E-02 -0.246E-02  0.508E-03  0.198E-03
 -2.305  0.896E-02  0.732E-02  0.114E-02  0.501E-03
 -2.285  0.220E-01  0.192E-01  0.190E-02  0.869E-03
 -2.265  0.374E-01  0.333E-01  0.280E-02  0.130E-02
 -2.245  0.551E-01  0.495E-01  0.383E-02  0.180E-02
 -2.225  0.751E-01  0.677E-01  0.499E-02  0.236E-02
 -2.205  0.972E-01  0.879E-01  0.626E-02  0.299E-02
 -2.185  0.121E+00  0.110E+00  0.764E-02  0.366E-02
 -2.165  0.147E+00  0.134E+00  0.910E-02  0.437E-02
 -2.145  0.174E+00  0.159E+00  0.106E-01  0.512E-02
 -2.125  0.203E+00  0.185E+00  0.122E-01  0.589E-02
 -2.105  0.232E+00  0.212E+00  0.137E-01  0.667E-02
 -2.085  0.262E+00  0.239E+00  0.153E-01  0.744E-02
 -2.065  0.291E+00  0.266E+00  0.168E-01  0.819E-02
 -2.045  0.320E+00  0.293E+00  0.182E-01  0.892E-02
 -2.025  0.349E+00  0.319E+00  0.196E-01  0.959E-02
 -2.005  0.375E+00  0.344E+00  0.208E-01  0.102E-01
 -1.985  0.400E+00  0.367E+00  0.218E-01  0.108E-01
 -1.965  0.423E+00  0.389E+00  0.227E-01  0.112E-01
 -1.945  0.442E+00  0.407E+00  0.234E-01  0.116E-01
 -1.925  0.459E+00  0.423E+00  0.240E-01  0.119E-01
 -1.905  0.471E+00  0.435E+00  0.243E-01  0.121E-01
 -1.885  0.480E+00  0.443E+00  0.244E-01  0.122E-01
 -1.865  0.485E+00  0.448E+00  0.243E-01  0.122E-01
 -1.845  0.485E+00  0.449E+00  0.241E-01  0.121E-01
 -1.825  0.482E+00  0.446E+00  0.236E-01  0.119E-01
 -1.805  0.474E+00  0.439E+00  0.230E-01  0.116E-01
 -1.785  0.463E+00  0.429E+00  0.223E-01  0.113E-01
 -1.765  0.448E+00  0.416E+00  0.215E-01  0.109E-01
 -1.745  0.431E+00  0.400E+00  0.206E-01  0.105E-01
 -1.725  0.412E+00  0.382E+00  0.196E-01  0.101E-01
 -1.705  0.392E+00  0.364E+00  0.187E-01  0.965E-02
 -1.685  0.372E+00  0.345E+00  0.179E-01  0.925E-02
 -1.665  0.352E+00  0.326E+00  0.171E-01  0.890E-02
 -1.645  0.333E+00  0.308E+00  0.164E-01  0.860E-02
 -1.625  0.316E+00  0.292E+00  0.158E-01  0.838E-02
 -1.605  0.301E+00  0.278E+00  0.154E-01  0.823E-02
 -1.585  0.289E+00  0.266E+00  0.151E-01  0.816E-02
 -1.565  0.280E+00  0.257E+00  0.150E-01  0.816E-02
 -1.545  0.274E+00  0.251E+00  0.150E-01  0.822E-02
 -1.525  0.270E+00  0.246E+00  0.151E-01  0.834E-02
 -1.505  0.268E+00  0.244E+00  0.153E-01  0.850E-02
 -1.485  0.268E+00  0.244E+00  0.155E-01  0.867E-02
 -1.465  0.269E+00  0.245E+00  0.158E-01  0.884E-02
 -1.445  0.271E+00  0.246E+00  0.160E-01  0.899E-02
 -1.425  0.272E+00  0.247E+00  0.161E-01  0.909E-02
 -1.405  0.273E+00  0.248E+00  0.162E-01  0.914E-02
 -1.385  0.272E+00  0.247E+00  0.161E-01  0.911E-02
 -1.365  0.270E+00  0.245E+00  0.159E-01  0.901E-02
 -1.345  0.266E+00  0.242E+00  0.155E-01  0.882E-02
 -1.325  0.260E+00  0.236E+00  0.151E-01  0.854E-02
 -1.305  0.252E+00  0.229E+00  0.144E-01  0.819E-02
 -1.285  0.242E+00  0.220E+00  0.137E-01  0.777E-02
 -1.265  0.230E+00  0.210E+00  0.129E-01  0.728E-02
 -1.245  0.217E+00  0.198E+00  0.120E-01  0.676E-02
 -1.225  0.203E+00  0.186E+00  0.110E-01  0.620E-02
 -1.205  0.189E+00  0.173E+00  0.101E-01  0.564E-02
 -1.185  0.174E+00  0.160E+00  0.917E-02  0.508E-02
 -1.165  0.159E+00  0.146E+00  0.828E-02  0.454E-02
 -1.145  0.145E+00  0.134E+00  0.746E-02  0.404E-02
 -1.125  0.132E+00  0.121E+00  0.672E-02  0.358E-02
 -1.105  0.119E+00  0.110E+00  0.608E-02  0.318E-02
 -1.085  0.108E+00  0.999E-01  0.556E-02  0.285E-02
 -1.065  0.985E-01  0.907E-01  0.516E-02  0.258E-02
 -1.045  0.900E-01  0.827E-01  0.488E-02  0.239E-02
 -1.025  0.830E-01  0.760E-01  0.473E-02  0.227E-02
 -1.005  0.773E-01  0.704E-01  0.470E-02  0.222E-02
 -0.985  0.730E-01  0.660E-01  0.479E-02  0.225E-02
 -0.965  0.700E-01  0.627E-01  0.500E-02  0.234E-02
 -0.945  0.683E-01  0.605E-01  0.532E-02  0.251E-02
 -0.925  0.679E-01  0.594E-01  0.575E-02  0.273E-02
 -0.905  0.686E-01  0.593E-01  0.626E-02  0.301E-02
 -0.885  0.703E-01  0.601E-01  0.687E-02  0.335E-02
 -0.865  0.731E-01  0.618E-01  0.756E-02  0.373E-02
 -0.845  0.768E-01  0.643E-01  0.832E-02  0.416E-02
 -0.825  0.814E-01  0.676E-01  0.914E-02  0.462E-02
 -0.805  0.867E-01  0.716E-01  0.100E-01  0.512E-02
 -0.785  0.928E-01  0.762E-01  0.109E-01  0.564E-02
 -0.765  0.995E-01  0.814E-01  0.119E-01  0.618E-02
 -0.745  0.107E+00  0.871E-01  0.128E-01  0.674E-02
 -0.725  0.114E+00  0.932E-01  0.138E-01  0.730E-02
 -0.705  0.122E+00  0.997E-01  0.147E-01  0.788E-02
 -0.685  0.131E+00  0.107E+00  0.157E-01  0.845E-02
 -0.665  0.139E+00  0.114E+00  0.166E-01  0.902E-02
 -0.645  0.148E+00  0.121E+00  0.175E-01  0.958E-02
 -0.625  0.157E+00  0.128E+00  0.184E-01  0.101E-01
 -0.605  0.166E+00  0.136E+00  0.192E-01  0.107E-01
 -0.585  0.175E+00  0.144E+00  0.201E-01  0.112E-01
 -0.565  0.184E+00  0.152E+00  0.208E-01  0.118E-01
 -0.545  0.194E+00  0.160E+00  0.216E-01  0.123E-01
 -0.525  0.203E+00  0.167E+00  0.224E-01  0.129E-01
 -0.505  0.211E+00  0.175E+00  0.231E-01  0.134E-01
 -0.485  0.220E+00  0.182E+00  0.238E-01  0.140E-01
 -0.465  0.227E+00  0.188E+00  0.246E-01  0.146E-01
 -0.445  0.235E+00  0.194E+00  0.254E-01  0.152E-01
 -0.425  0.241E+00  0.199E+00  0.262E-01  0.158E-01
 -0.405  0.247E+00  0.203E+00  0.272E-01  0.165E-01
 -0.385  0.251E+00  0.205E+00  0.282E-01  0.173E-01
 -0.365  0.254E+00  0.206E+00  0.294E-01  0.182E-01
 -0.345  0.256E+00  0.206E+00  0.307E-01  0.191E-01
 -0.325  0.256E+00  0.204E+00  0.323E-01  0.202E-01
 -0.305  0.255E+00  0.200E+00  0.340E-01  0.214E-01
 -0.285  0.253E+00  0.194E+00  0.360E-01  0.228E-01
 -0.265  0.250E+00  0.187E+00  0.382E-01  0.243E-01
 -0.245  0.246E+00  0.179E+00  0.407E-01  0.259E-01
 -0.225  0.241E+00  0.170E+00  0.434E-01  0.278E-01
 -0.205  0.235E+00  0.159E+00  0.464E-01  0.297E-01
 -0.185  0.230E+00  0.148E+00  0.496E-01  0.318E-01
 -0.165  0.224E+00  0.137E+00  0.531E-01  0.340E-01
 -0.145  0.218E+00  0.125E+00  0.567E-01  0.363E-01
 -0.125  0.213E+00  0.114E+00  0.604E-01  0.386E-01
 -0.105  0.208E+00  0.103E+00  0.644E-01  0.409E-01
 -0.085  0.205E+00  0.930E-01  0.684E-01  0.433E-01
 -0.065  0.202E+00  0.837E-01  0.725E-01  0.456E-01
 -0.045  0.200E+00  0.754E-01  0.767E-01  0.478E-01
 -0.025  0.199E+00  0.680E-01  0.810E-01  0.500E-01
 -0.005  0.199E+00  0.617E-01  0.853E-01  0.521E-01
  0.015  0.200E+00  0.564E-01  0.897E-01  0.541E-01
  0.035  0.202E+00  0.520E-01  0.942E-01  0.559E-01
  0.055  0.205E+00  0.484E-01  0.988E-01  0.577E-01
  0.075  0.208E+00  0.456E-01  0.103E+00  0.594E-01
  0.095  0.213E+00  0.435E-01  0.108E+00  0.611E-01
  0.115  0.217E+00  0.421E-01  0.112E+00  0.626E-01
  0.135  0.222E+00  0.412E-01  0.117E+00  0.640E-01
  0.155  0.227E+00  0.407E-01  0.121E+00  0.653E-01
  0.175  0.233E+00  0.408E-01  0.125E+00  0.665E-01
  0.195  0.238E+00  0.414E-01  0.129E+00  0.675E-01
  0.215  0.243E+00  0.424E-01  0.132E+00  0.684E-01
  0.235  0.248E+00  0.440E-01  0.135E+00  0.691E-01
  0.255  0.253E+00  0.461E-01  0.137E+00  0.696E-01
  0.275  0.257E+00  0.487E-01  0.138E+00  0.699E-01
  0.295  0.261E+00  0.518E-01  0.139E+00  0.700E-01
  0.315  0.264E+00  0.554E-01  0.139E+00  0.698E-01
  0.335  0.267E+00  0.595E-01  0.138E+00  0.694E-01
  0.355  0.269E+00  0.638E-01  0.136E+00  0.688E-01
  0.375  0.271E+00  0.685E-01  0.134E+00  0.680E-01
  0.395  0.271E+00  0.732E-01  0.131E+00  0.669E-01
  0.415  0.271E+00  0.778E-01  0.128E+00  0.656E-01
  0.435  0.270E+00  0.822E-01  0.124E+00  0.642E-01
  0.455  0.268E+00  0.861E-01  0.119E+00  0.625E-01
  0.475  0.264E+00  0.894E-01  0.114E+00  0.605E-01
  0.495  0.259E+00  0.920E-01  0.109E+00  0.584E-01
  0.515  0.253E+00  0.936E-01  0.103E+00  0.560E-01
  0.535  0.244E+00  0.942E-01  0.969E-01  0.534E-01
  0.555  0.235E+00  0.936E-01  0.905E-01  0.505E-01
  0.575  0.223E+00  0.919E-01  0.839E-01  0.474E-01
  0.595  0.210E+00  0.891E-01  0.770E-01  0.441E-01
  0.615  0.196E+00  0.853E-01  0.700E-01  0.406E-01
  0.635  0.180E+00  0.804E-01  0.629E-01  0.369E-01
  0.655  0.164E+00  0.748E-01  0.558E-01  0.332E-01
  0.675  0.147E+00  0.685E-01  0.488E-01  0.294E-01
  0.695  0.129E+00  0.617E-01  0.419E-01  0.256E-01
  0.715  0.112E+00  0.547E-01  0.354E-01  0.219E-01
  0.735  0.950E-01  0.476E-01  0.292E-01  0.183E-01
  0.755  0.789E-01  0.406E-01  0.234E-01  0.149E-01
  0.775  0.638E-01  0.338E-01  0.181E-01  0.118E-01
  0.795  0.499E-01  0.275E-01  0.134E-01  0.899E-02
  0.815  0.374E-01  0.216E-01  0.935E-02  0.649E-02
  0.835  0.265E-01  0.164E-01  0.586E-02  0.432E-02
  0.855  0.172E-01  0.118E-01  0.296E-02  0.251E-02
  0.875  0.949E-02  0.782E-02  0.642E-03  0.102E-02
  0.895  0.325E-02  0.454E-02 -0.115E-02 -0.142E-03
  0.915 -0.157E-02  0.190E-02 -0.246E-02 -0.102E-02
  0.935 -0.514E-02 -0.158E-03 -0.334E-02 -0.163E-02
  0.955 -0.759E-02 -0.169E-02 -0.388E-02 -0.203E-02
  0.975 -0.911E-02 -0.275E-02 -0.412E-02 -0.224E-02
  0.995 -0.986E-02 -0.343E-02 -0.413E-02 -0.231E-02
  1.015 -0.100E-01 -0.378E-02 -0.397E-02 -0.226E-02
  1.035 -0.972E-02 -0.389E-02 -0.369E-02 -0.213E-02
  1.055 -0.910E-02 -0.381E-02 -0.334E-02 -0.195E-02
  1.075 -0.828E-02 -0.359E-02 -0.295E-02 -0.174E-02
  1.095 -0.736E-02 -0.328E-02 -0.256E-02 -0.152E-02
  1.115 -0.639E-02 -0.293E-02 -0.217E-02 -0.130E-02
  1.135 -0.545E-02 -0.255E-02 -0.181E-02 -0.109E-02
  1.155 -0.456E-02 -0.218E-02 -0.148E-02 -0.900E-03
  1.175 -0.376E-02 -0.183E-02 -0.120E-02 -0.731E-03
  1.195 -0.305E-02 -0.151E-02 -0.950E-03 -0.584E-03
  1.215 -0.243E-02 -0.123E-02 -0.744E-03 -0.460E-03
  1.235 -0.192E-02 -0.984E-03 -0.575E-03 -0.357E-03
  1.255 -0.149E-02 -0.776E-03 -0.438E-03 -0.273E-03
  1.275 -0.114E-02 -0.604E-03 -0.329E-03 -0.206E-03
  1.295 -0.862E-03 -0.464E-03 -0.245E-03 -0.154E-03
  1.315 -0.644E-03 -0.351E-03 -0.179E-03 -0.113E-03
  1.335 -0.475E-03 -0.263E-03 -0.130E-03 -0.823E-04
  1.355 -0.346E-03 -0.194E-03 -0.927E-04 -0.590E-04
  1.375 -0.249E-03 -0.141E-03 -0.655E-04 -0.419E-04
  1.395 -0.177E-03 -0.102E-03 -0.457E-04 -0.293E-04
  1.415 -0.124E-03 -0.724E-04 -0.315E-04 -0.203E-04
  1.435 -0.863E-04 -0.509E-04 -0.215E-04 -0.139E-04
  1.455 -0.592E-04 -0.354E-04 -0.145E-04 -0.939E-05
  1.475 -0.402E-04 -0.243E-04 -0.964E-05 -0.627E-05
  1.495 -0.270E-04 -0.165E-04 -0.635E-05 -0.414E-05
  1.515 -0.179E-04 -0.110E-04 -0.413E-05 -0.271E-05
  1.535 -0.117E-04 -0.732E-05 -0.266E-05 -0.175E-05
