# E (eV)   ldos(E)   pdos(E)    pdos(E)    pdos(E)   
-22.785 -0.957E-05 -0.635E-08 -0.689E-05 -0.267E-05
-22.765 -0.142E-04 -0.940E-08 -0.102E-04 -0.396E-05
-22.745 -0.207E-04 -0.137E-07 -0.149E-04 -0.581E-05
-22.725 -0.299E-04 -0.198E-07 -0.214E-04 -0.840E-05
-22.705 -0.425E-04 -0.282E-07 -0.305E-04 -0.120E-04
-22.685 -0.598E-04 -0.397E-07 -0.428E-04 -0.169E-04
-22.665 -0.829E-04 -0.551E-07 -0.594E-04 -0.235E-04
-22.645 -0.114E-03 -0.755E-07 -0.812E-04 -0.323E-04
-22.625 -0.153E-03 -0.102E-06 -0.109E-03 -0.437E-04
-22.605 -0.204E-03 -0.136E-06 -0.145E-03 -0.584E-04
-22.585 -0.268E-03 -0.179E-06 -0.191E-03 -0.770E-04
-22.565 -0.346E-03 -0.231E-06 -0.246E-03 -0.999E-04
-22.545 -0.441E-03 -0.295E-06 -0.313E-03 -0.128E-03
-22.525 -0.552E-03 -0.370E-06 -0.391E-03 -0.161E-03
-22.505 -0.680E-03 -0.456E-06 -0.480E-03 -0.199E-03
-22.485 -0.822E-03 -0.554E-06 -0.579E-03 -0.243E-03
-22.465 -0.976E-03 -0.659E-06 -0.685E-03 -0.290E-03
-22.445 -0.113E-02 -0.770E-06 -0.793E-03 -0.340E-03
-22.425 -0.129E-02 -0.880E-06 -0.895E-03 -0.391E-03
-22.405 -0.142E-02 -0.982E-06 -0.984E-03 -0.439E-03
-22.385 -0.153E-02 -0.107E-05 -0.105E-02 -0.479E-03
-22.365 -0.157E-02 -0.112E-05 -0.107E-02 -0.507E-03
-22.345 -0.155E-02 -0.113E-05 -0.103E-02 -0.517E-03
-22.325 -0.141E-02 -0.107E-05 -0.912E-03 -0.501E-03
-22.305 -0.115E-02 -0.945E-06 -0.697E-03 -0.451E-03
-22.285 -0.723E-03 -0.719E-06 -0.362E-03 -0.360E-03
-22.265 -0.107E-03 -0.382E-06  0.113E-03 -0.220E-03
-22.245  0.722E-03  0.826E-07  0.745E-03 -0.233E-04
-22.225  0.178E-02  0.686E-06  0.155E-02  0.235E-03
-22.205  0.309E-02  0.144E-05  0.253E-02  0.559E-03
-22.185  0.464E-02  0.233E-05  0.369E-02  0.950E-03
-22.165  0.642E-02  0.338E-05  0.501E-02  0.141E-02
-22.145  0.842E-02  0.456E-05  0.649E-02  0.193E-02
-22.125  0.106E-01  0.585E-05  0.809E-02  0.250E-02
-22.105  0.129E-01  0.725E-05  0.977E-02  0.313E-02
-22.085  0.153E-01  0.872E-05  0.115E-01  0.379E-02
-22.065  0.177E-01  0.102E-04  0.132E-01  0.447E-02
-22.045  0.200E-01  0.118E-04  0.148E-01  0.517E-02
-22.025  0.221E-01  0.133E-04  0.163E-01  0.587E-02
-22.005  0.241E-01  0.148E-04  0.176E-01  0.656E-02
-21.985  0.259E-01  0.163E-04  0.186E-01  0.725E-02
-21.965  0.273E-01  0.177E-04  0.194E-01  0.792E-02
-21.945  0.284E-01  0.191E-04  0.198E-01  0.858E-02
-21.925  0.292E-01  0.205E-04  0.199E-01  0.924E-02
-21.905  0.297E-01  0.219E-04  0.197E-01  0.990E-02
-21.885  0.298E-01  0.234E-04  0.192E-01  0.106E-01
-21.865  0.298E-01  0.248E-04  0.184E-01  0.113E-01
-21.845  0.295E-01  0.264E-04  0.174E-01  0.120E-01
-21.825  0.291E-01  0.280E-04  0.162E-01  0.128E-01
-21.805  0.286E-01  0.298E-04  0.148E-01  0.137E-01
-21.785  0.281E-01  0.316E-04  0.134E-01  0.146E-01
-21.765  0.276E-01  0.335E-04  0.120E-01  0.156E-01
-21.745  0.272E-01  0.355E-04  0.106E-01  0.166E-01
-21.725  0.269E-01  0.374E-04  0.930E-02  0.176E-01
-21.705  0.267E-01  0.394E-04  0.813E-02  0.186E-01
-21.685  0.267E-01  0.412E-04  0.710E-02  0.196E-01
-21.665  0.268E-01  0.428E-04  0.625E-02  0.205E-01
-21.645  0.270E-01  0.443E-04  0.557E-02  0.213E-01
-21.625  0.272E-01  0.455E-04  0.506E-02  0.221E-01
-21.605  0.275E-01  0.465E-04  0.471E-02  0.227E-01
-21.585  0.278E-01  0.472E-04  0.449E-02  0.233E-01
-21.565  0.281E-01  0.478E-04  0.439E-02  0.237E-01
-21.545  0.284E-01  0.481E-04  0.438E-02  0.239E-01
-21.525  0.286E-01  0.483E-04  0.443E-02  0.241E-01
-21.505  0.288E-01  0.486E-04  0.452E-02  0.243E-01
-21.485  0.290E-01  0.488E-04  0.462E-02  0.243E-01
-21.465  0.292E-01  0.493E-04  0.472E-02  0.244E-01
-21.445  0.293E-01  0.500E-04  0.480E-02  0.245E-01
-21.425  0.295E-01  0.510E-04  0.485E-02  0.246E-01
-21.405  0.298E-01  0.525E-04  0.487E-02  0.249E-01
-21.385  0.301E-01  0.544E-04  0.485E-02  0.252E-01
-21.365  0.305E-01  0.568E-04  0.479E-02  0.257E-01
-21.345  0.311E-01  0.597E-04  0.470E-02  0.263E-01
-21.325  0.317E-01  0.630E-04  0.459E-02  0.270E-01
-21.305  0.324E-01  0.666E-04  0.446E-02  0.279E-01
-21.285  0.332E-01  0.706E-04  0.432E-02  0.288E-01
-21.265  0.341E-01  0.747E-04  0.418E-02  0.298E-01
-21.245  0.350E-01  0.789E-04  0.405E-02  0.308E-01
-21.225  0.359E-01  0.830E-04  0.393E-02  0.318E-01
-21.205  0.367E-01  0.870E-04  0.383E-02  0.328E-01
-21.185  0.376E-01  0.908E-04  0.375E-02  0.337E-01
-21.165  0.384E-01  0.941E-04  0.370E-02  0.346E-01
-21.145  0.390E-01  0.971E-04  0.368E-02  0.352E-01
-21.125  0.396E-01  0.996E-04  0.368E-02  0.358E-01
-21.105  0.400E-01  0.102E-03  0.370E-02  0.362E-01
-21.085  0.403E-01  0.103E-03  0.375E-02  0.364E-01
-21.065  0.405E-01  0.104E-03  0.381E-02  0.366E-01
-21.045  0.405E-01  0.105E-03  0.389E-02  0.365E-01
-21.025  0.405E-01  0.105E-03  0.399E-02  0.364E-01
-21.005  0.403E-01  0.105E-03  0.409E-02  0.361E-01
-20.985  0.400E-01  0.104E-03  0.420E-02  0.357E-01
-20.965  0.397E-01  0.104E-03  0.431E-02  0.353E-01
-20.945  0.394E-01  0.103E-03  0.443E-02  0.348E-01
-20.925  0.390E-01  0.102E-03  0.454E-02  0.343E-01
-20.905  0.385E-01  0.101E-03  0.465E-02  0.338E-01
-20.885  0.381E-01  0.994E-04  0.476E-02  0.332E-01
-20.865  0.376E-01  0.980E-04  0.485E-02  0.327E-01
-20.845  0.372E-01  0.965E-04  0.494E-02  0.322E-01
-20.825  0.368E-01  0.949E-04  0.500E-02  0.317E-01
-20.805  0.364E-01  0.933E-04  0.505E-02  0.312E-01
-20.785  0.360E-01  0.916E-04  0.507E-02  0.308E-01
-20.765  0.357E-01  0.898E-04  0.506E-02  0.305E-01
-20.745  0.354E-01  0.878E-04  0.501E-02  0.303E-01
-20.725  0.351E-01  0.857E-04  0.492E-02  0.301E-01
-20.705  0.349E-01  0.834E-04  0.478E-02  0.301E-01
-20.685  0.348E-01  0.808E-04  0.460E-02  0.301E-01
-20.665  0.347E-01  0.780E-04  0.436E-02  0.303E-01
-20.645  0.347E-01  0.750E-04  0.407E-02  0.306E-01
-20.625  0.348E-01  0.718E-04  0.374E-02  0.310E-01
-20.605  0.349E-01  0.688E-04  0.337E-02  0.315E-01
-20.585  0.351E-01  0.662E-04  0.299E-02  0.321E-01
-20.565  0.354E-01  0.644E-04  0.263E-02  0.327E-01
-20.545  0.358E-01  0.643E-04  0.230E-02  0.335E-01
-20.525  0.364E-01  0.669E-04  0.207E-02  0.343E-01
-20.505  0.371E-01  0.734E-04  0.199E-02  0.350E-01
-20.485  0.380E-01  0.854E-04  0.212E-02  0.358E-01
-20.465  0.392E-01  0.105E-03  0.255E-02  0.365E-01
-20.445  0.406E-01  0.134E-03  0.336E-02  0.371E-01
-20.425  0.425E-01  0.175E-03  0.466E-02  0.377E-01
-20.405  0.448E-01  0.231E-03  0.654E-02  0.381E-01
-20.385  0.477E-01  0.304E-03  0.909E-02  0.383E-01
-20.365  0.513E-01  0.398E-03  0.124E-01  0.384E-01
-20.345  0.555E-01  0.512E-03  0.166E-01  0.384E-01
-20.325  0.605E-01  0.651E-03  0.217E-01  0.381E-01
-20.305  0.663E-01  0.814E-03  0.277E-01  0.377E-01
-20.285  0.728E-01  0.100E-02  0.347E-01  0.371E-01
-20.265  0.802E-01  0.121E-02  0.425E-01  0.364E-01
-20.245  0.882E-01  0.144E-02  0.512E-01  0.356E-01
-20.225  0.967E-01  0.169E-02  0.605E-01  0.346E-01
-20.205  0.106E+00  0.195E-02  0.702E-01  0.336E-01
-20.185  0.115E+00  0.221E-02  0.802E-01  0.324E-01
-20.165  0.124E+00  0.248E-02  0.901E-01  0.313E-01
-20.145  0.133E+00  0.273E-02  0.996E-01  0.302E-01
-20.125  0.141E+00  0.297E-02  0.109E+00  0.291E-01
-20.105  0.148E+00  0.318E-02  0.117E+00  0.281E-01
-20.085  0.154E+00  0.335E-02  0.123E+00  0.271E-01
-20.065  0.158E+00  0.349E-02  0.129E+00  0.263E-01
-20.045  0.161E+00  0.358E-02  0.132E+00  0.257E-01
-20.025  0.163E+00  0.362E-02  0.134E+00  0.252E-01
-20.005  0.162E+00  0.361E-02  0.133E+00  0.249E-01
-19.985  0.160E+00  0.355E-02  0.131E+00  0.249E-01
-19.965  0.156E+00  0.344E-02  0.127E+00  0.251E-01
-19.945  0.150E+00  0.328E-02  0.121E+00  0.256E-01
-19.925  0.144E+00  0.309E-02  0.114E+00  0.263E-01
-19.905  0.136E+00  0.286E-02  0.106E+00  0.273E-01
-19.885  0.127E+00  0.261E-02  0.962E-01  0.286E-01
-19.865  0.119E+00  0.235E-02  0.861E-01  0.303E-01
-19.845  0.110E+00  0.208E-02  0.756E-01  0.322E-01
-19.825  0.102E+00  0.181E-02  0.652E-01  0.345E-01
-19.805  0.938E-01  0.156E-02  0.551E-01  0.371E-01
-19.785  0.868E-01  0.132E-02  0.455E-01  0.399E-01
-19.765  0.808E-01  0.111E-02  0.367E-01  0.430E-01
-19.745  0.759E-01  0.921E-03  0.287E-01  0.463E-01
-19.725  0.721E-01  0.761E-03  0.217E-01  0.496E-01
-19.705  0.693E-01  0.631E-03  0.158E-01  0.529E-01
-19.685  0.675E-01  0.528E-03  0.109E-01  0.561E-01
-19.665  0.664E-01  0.450E-03  0.695E-02  0.590E-01
-19.645  0.659E-01  0.394E-03  0.392E-02  0.616E-01
-19.625  0.656E-01  0.357E-03  0.168E-02  0.636E-01
-19.605  0.654E-01  0.334E-03  0.117E-03  0.650E-01
-19.585  0.651E-01  0.321E-03 -0.890E-03  0.656E-01
-19.565  0.643E-01  0.315E-03 -0.146E-02  0.655E-01
-19.545  0.631E-01  0.311E-03 -0.172E-02  0.645E-01
-19.525  0.611E-01  0.307E-03 -0.175E-02  0.626E-01
-19.505  0.585E-01  0.301E-03 -0.164E-02  0.598E-01
-19.485  0.552E-01  0.291E-03 -0.145E-02  0.563E-01
-19.465  0.512E-01  0.278E-03 -0.123E-02  0.521E-01
-19.445  0.467E-01  0.260E-03 -0.984E-03  0.474E-01
-19.425  0.419E-01  0.240E-03 -0.732E-03  0.424E-01
-19.405  0.368E-01  0.217E-03 -0.463E-03  0.371E-01
-19.385  0.318E-01  0.194E-03 -0.159E-03  0.318E-01
-19.365  0.270E-01  0.172E-03  0.207E-03  0.266E-01
-19.345  0.227E-01  0.153E-03  0.663E-03  0.218E-01
-19.325  0.189E-01  0.138E-03  0.124E-02  0.175E-01
-19.305  0.158E-01  0.129E-03  0.196E-02  0.137E-01
-19.285  0.137E-01  0.128E-03  0.285E-02  0.107E-01
-19.265  0.124E-01  0.133E-03  0.391E-02  0.836E-02
-19.245  0.121E-01  0.147E-03  0.516E-02  0.680E-02
-19.225  0.128E-01  0.168E-03  0.658E-02  0.601E-02
-19.205  0.143E-01  0.197E-03  0.815E-02  0.595E-02
-19.185  0.167E-01  0.232E-03  0.985E-02  0.657E-02
-19.165  0.197E-01  0.272E-03  0.116E-01  0.779E-02
-19.145  0.233E-01  0.317E-03  0.135E-01  0.952E-02
-19.125  0.273E-01  0.363E-03  0.153E-01  0.117E-01
-19.105  0.316E-01  0.411E-03  0.171E-01  0.141E-01
-19.085  0.360E-01  0.458E-03  0.188E-01  0.168E-01
-19.065  0.404E-01  0.502E-03  0.204E-01  0.195E-01
-19.045  0.446E-01  0.544E-03  0.217E-01  0.223E-01
-19.025  0.484E-01  0.581E-03  0.229E-01  0.250E-01
-19.005  0.519E-01  0.612E-03  0.238E-01  0.276E-01
-18.985  0.550E-01  0.638E-03  0.244E-01  0.299E-01
-18.965  0.576E-01  0.658E-03  0.248E-01  0.321E-01
-18.945  0.596E-01  0.671E-03  0.250E-01  0.340E-01
-18.925  0.612E-01  0.679E-03  0.249E-01  0.356E-01
-18.905  0.622E-01  0.681E-03  0.246E-01  0.370E-01
-18.885  0.628E-01  0.678E-03  0.241E-01  0.380E-01
-18.865  0.630E-01  0.671E-03  0.235E-01  0.389E-01
-18.845  0.629E-01  0.660E-03  0.227E-01  0.395E-01
-18.825  0.625E-01  0.647E-03  0.219E-01  0.399E-01
-18.805  0.619E-01  0.632E-03  0.211E-01  0.402E-01
-18.785  0.612E-01  0.616E-03  0.203E-01  0.402E-01
-18.765  0.603E-01  0.600E-03  0.195E-01  0.402E-01
-18.745  0.595E-01  0.585E-03  0.188E-01  0.401E-01
-18.725  0.586E-01  0.571E-03  0.182E-01  0.399E-01
-18.705  0.578E-01  0.559E-03  0.176E-01  0.396E-01
-18.685  0.571E-01  0.549E-03  0.172E-01  0.393E-01
-18.665  0.564E-01  0.541E-03  0.169E-01  0.390E-01
-18.645  0.558E-01  0.536E-03  0.167E-01  0.386E-01
-18.625  0.552E-01  0.534E-03  0.165E-01  0.381E-01
-18.605  0.547E-01  0.535E-03  0.165E-01  0.377E-01
-18.585  0.542E-01  0.537E-03  0.165E-01  0.372E-01
-18.565  0.538E-01  0.543E-03  0.166E-01  0.367E-01
-18.545  0.534E-01  0.550E-03  0.167E-01  0.362E-01
-18.525  0.531E-01  0.560E-03  0.168E-01  0.357E-01
-18.505  0.527E-01  0.571E-03  0.169E-01  0.352E-01
-18.485  0.524E-01  0.583E-03  0.170E-01  0.348E-01
-18.465  0.520E-01  0.596E-03  0.171E-01  0.344E-01
-18.445  0.517E-01  0.610E-03  0.171E-01  0.340E-01
-18.425  0.515E-01  0.625E-03  0.172E-01  0.337E-01
-18.405  0.512E-01  0.639E-03  0.172E-01  0.334E-01
-18.385  0.510E-01  0.654E-03  0.171E-01  0.332E-01
-18.365  0.509E-01  0.667E-03  0.171E-01  0.331E-01
-18.345  0.508E-01  0.679E-03  0.170E-01  0.331E-01
-18.325  0.507E-01  0.690E-03  0.170E-01  0.331E-01
-18.305  0.507E-01  0.698E-03  0.169E-01  0.331E-01
-18.285  0.507E-01  0.704E-03  0.168E-01  0.332E-01
-18.265  0.508E-01  0.707E-03  0.168E-01  0.333E-01
-18.245  0.508E-01  0.706E-03  0.167E-01  0.334E-01
-18.225  0.509E-01  0.701E-03  0.166E-01  0.336E-01
-18.205  0.509E-01  0.692E-03  0.165E-01  0.337E-01
-18.185  0.509E-01  0.678E-03  0.164E-01  0.338E-01
-18.165  0.509E-01  0.660E-03  0.163E-01  0.340E-01
-18.145  0.509E-01  0.637E-03  0.161E-01  0.342E-01
-18.125  0.508E-01  0.610E-03  0.158E-01  0.344E-01
-18.105  0.507E-01  0.580E-03  0.155E-01  0.346E-01
-18.085  0.506E-01  0.547E-03  0.152E-01  0.349E-01
-18.065  0.505E-01  0.513E-03  0.148E-01  0.352E-01
-18.045  0.505E-01  0.479E-03  0.144E-01  0.356E-01
-18.025  0.505E-01  0.447E-03  0.140E-01  0.361E-01
-18.005  0.506E-01  0.418E-03  0.136E-01  0.366E-01
-17.985  0.509E-01  0.394E-03  0.132E-01  0.373E-01
-17.965  0.513E-01  0.377E-03  0.130E-01  0.379E-01
-17.945  0.519E-01  0.370E-03  0.129E-01  0.387E-01
-17.925  0.528E-01  0.373E-03  0.130E-01  0.395E-01
-17.905  0.541E-01  0.389E-03  0.134E-01  0.403E-01
-17.885  0.556E-01  0.418E-03  0.141E-01  0.411E-01
-17.865  0.576E-01  0.461E-03  0.151E-01  0.420E-01
-17.845  0.600E-01  0.518E-03  0.166E-01  0.429E-01
-17.825  0.629E-01  0.590E-03  0.186E-01  0.437E-01
-17.805  0.663E-01  0.675E-03  0.211E-01  0.446E-01
-17.785  0.703E-01  0.772E-03  0.241E-01  0.454E-01
-17.765  0.747E-01  0.878E-03  0.277E-01  0.461E-01
-17.745  0.796E-01  0.991E-03  0.318E-01  0.468E-01
-17.725  0.850E-01  0.111E-02  0.364E-01  0.475E-01
-17.705  0.908E-01  0.123E-02  0.415E-01  0.481E-01
-17.685  0.969E-01  0.135E-02  0.469E-01  0.486E-01
-17.665  0.103E+00  0.146E-02  0.528E-01  0.489E-01
-17.645  0.110E+00  0.157E-02  0.589E-01  0.492E-01
-17.625  0.116E+00  0.166E-02  0.651E-01  0.493E-01
-17.605  0.122E+00  0.174E-02  0.714E-01  0.493E-01
-17.585  0.129E+00  0.181E-02  0.776E-01  0.491E-01
-17.565  0.134E+00  0.186E-02  0.837E-01  0.487E-01
-17.545  0.139E+00  0.190E-02  0.894E-01  0.482E-01
-17.525  0.144E+00  0.192E-02  0.947E-01  0.475E-01
-17.505  0.148E+00  0.192E-02  0.995E-01  0.466E-01
-17.485  0.151E+00  0.191E-02  0.104E+00  0.456E-01
-17.465  0.154E+00  0.189E-02  0.107E+00  0.445E-01
-17.445  0.155E+00  0.186E-02  0.110E+00  0.433E-01
-17.425  0.156E+00  0.182E-02  0.112E+00  0.421E-01
-17.405  0.157E+00  0.177E-02  0.114E+00  0.409E-01
-17.385  0.156E+00  0.172E-02  0.115E+00  0.397E-01
-17.365  0.155E+00  0.167E-02  0.115E+00  0.386E-01
-17.345  0.154E+00  0.163E-02  0.115E+00  0.376E-01
-17.325  0.153E+00  0.159E-02  0.115E+00  0.367E-01
-17.305  0.151E+00  0.155E-02  0.114E+00  0.360E-01
-17.285  0.150E+00  0.152E-02  0.112E+00  0.355E-01
-17.265  0.148E+00  0.150E-02  0.111E+00  0.352E-01
-17.245  0.146E+00  0.148E-02  0.109E+00  0.352E-01
-17.225  0.144E+00  0.146E-02  0.108E+00  0.353E-01
-17.205  0.142E+00  0.145E-02  0.105E+00  0.356E-01
-17.185  0.140E+00  0.144E-02  0.103E+00  0.361E-01
-17.165  0.138E+00  0.142E-02  0.100E+00  0.368E-01
-17.145  0.136E+00  0.140E-02  0.968E-01  0.375E-01
-17.125  0.133E+00  0.137E-02  0.930E-01  0.384E-01
-17.105  0.129E+00  0.133E-02  0.886E-01  0.392E-01
-17.085  0.125E+00  0.127E-02  0.837E-01  0.400E-01
-17.065  0.120E+00  0.121E-02  0.783E-01  0.407E-01
-17.045  0.115E+00  0.114E-02  0.723E-01  0.412E-01
-17.025  0.108E+00  0.105E-02  0.659E-01  0.415E-01
-17.005  0.102E+00  0.955E-03  0.592E-01  0.416E-01
-16.985  0.946E-01  0.855E-03  0.523E-01  0.415E-01
-16.965  0.871E-01  0.750E-03  0.454E-01  0.410E-01
-16.945  0.793E-01  0.644E-03  0.385E-01  0.401E-01
-16.925  0.714E-01  0.539E-03  0.319E-01  0.390E-01
-16.905  0.636E-01  0.439E-03  0.257E-01  0.374E-01
-16.885  0.559E-01  0.346E-03  0.200E-01  0.356E-01
-16.865  0.486E-01  0.260E-03  0.149E-01  0.334E-01
-16.845  0.416E-01  0.185E-03  0.104E-01  0.310E-01
-16.825  0.351E-01  0.120E-03  0.656E-02  0.284E-01
-16.805  0.291E-01  0.651E-04  0.340E-02  0.256E-01
-16.785  0.237E-01  0.213E-04  0.886E-03  0.228E-01
-16.765  0.188E-01 -0.126E-04 -0.104E-02  0.199E-01
-16.745  0.146E-01 -0.374E-04 -0.243E-02  0.170E-01
-16.725  0.108E-01 -0.542E-04 -0.335E-02  0.142E-01
-16.705  0.765E-02 -0.644E-04 -0.389E-02  0.116E-01
-16.685  0.496E-02 -0.690E-04 -0.413E-02  0.916E-02
-16.665  0.272E-02 -0.695E-04 -0.412E-02  0.691E-02
-16.645  0.898E-03 -0.668E-04 -0.394E-02  0.491E-02
-16.625 -0.567E-03 -0.621E-04 -0.365E-02  0.314E-02
-16.605 -0.172E-02 -0.560E-04 -0.329E-02  0.162E-02
-16.585 -0.262E-02 -0.494E-04 -0.290E-02  0.328E-03
-16.565 -0.330E-02 -0.427E-04 -0.250E-02 -0.756E-03
-16.545 -0.382E-02 -0.363E-04 -0.213E-02 -0.166E-02
-16.525 -0.422E-02 -0.305E-04 -0.178E-02 -0.241E-02
-16.505 -0.453E-02 -0.254E-04 -0.148E-02 -0.303E-02
-16.485 -0.480E-02 -0.211E-04 -0.122E-02 -0.356E-02
-16.465 -0.505E-02 -0.175E-04 -0.999E-03 -0.403E-02
-16.445 -0.529E-02 -0.147E-04 -0.821E-03 -0.445E-02
-16.425 -0.552E-02 -0.126E-04 -0.679E-03 -0.483E-02
-16.405 -0.576E-02 -0.111E-04 -0.570E-03 -0.518E-02
-16.385 -0.597E-02 -0.102E-04 -0.487E-03 -0.547E-02
-16.365 -0.612E-02 -0.959E-05 -0.425E-03 -0.569E-02
-16.345 -0.619E-02 -0.936E-05 -0.380E-03 -0.580E-02
-16.325 -0.610E-02 -0.936E-05 -0.346E-03 -0.574E-02
-16.305 -0.579E-02 -0.953E-05 -0.319E-03 -0.546E-02
-16.285 -0.520E-02 -0.981E-05 -0.296E-03 -0.489E-02
-16.265 -0.423E-02 -0.101E-04 -0.272E-03 -0.395E-02
-16.245 -0.282E-02 -0.105E-04 -0.245E-03 -0.256E-02
-16.225 -0.872E-03 -0.108E-04 -0.213E-03 -0.648E-03
-16.205  0.167E-02 -0.110E-04 -0.175E-03  0.185E-02
-16.185  0.485E-02 -0.112E-04 -0.132E-03  0.500E-02
-16.165  0.873E-02 -0.114E-04 -0.832E-04  0.882E-02
-16.145  0.133E-01 -0.115E-04 -0.321E-04  0.133E-01
-16.125  0.186E-01 -0.116E-04  0.181E-04  0.185E-01
-16.105  0.245E-01 -0.115E-04  0.628E-04  0.244E-01
-16.085  0.310E-01 -0.112E-04  0.963E-04  0.309E-01
-16.065  0.380E-01 -0.106E-04  0.112E-03  0.379E-01
-16.045  0.454E-01 -0.948E-05  0.104E-03  0.453E-01
-16.025  0.530E-01 -0.745E-05  0.649E-04  0.530E-01
-16.005  0.609E-01 -0.411E-05 -0.118E-04  0.609E-01
-15.985  0.688E-01  0.107E-05 -0.131E-03  0.689E-01
-15.965  0.766E-01  0.872E-05 -0.296E-03  0.769E-01
-15.945  0.843E-01  0.196E-04 -0.507E-03  0.848E-01
-15.925  0.918E-01  0.345E-04 -0.761E-03  0.925E-01
-15.905  0.990E-01  0.542E-04 -0.105E-02  0.100E+00
-15.885  0.106E+00  0.797E-04 -0.136E-02  0.107E+00
-15.865  0.113E+00  0.112E-03 -0.166E-02  0.114E+00
-15.845  0.119E+00  0.151E-03 -0.193E-02  0.121E+00
-15.825  0.125E+00  0.198E-03 -0.212E-02  0.127E+00
-15.805  0.131E+00  0.253E-03 -0.216E-02  0.133E+00
-15.785  0.137E+00  0.317E-03 -0.199E-02  0.139E+00
-15.765  0.143E+00  0.389E-03 -0.151E-02  0.144E+00
-15.745  0.149E+00  0.470E-03 -0.605E-03  0.149E+00
-15.725  0.154E+00  0.559E-03  0.864E-03  0.153E+00
-15.705  0.160E+00  0.655E-03  0.305E-02  0.157E+00
-15.685  0.166E+00  0.760E-03  0.613E-02  0.159E+00
-15.665  0.172E+00  0.871E-03  0.103E-01  0.161E+00
-15.645  0.178E+00  0.991E-03  0.157E-01  0.162E+00
-15.625  0.185E+00  0.112E-02  0.226E-01  0.161E+00
-15.605  0.192E+00  0.125E-02  0.312E-01  0.160E+00
-15.585  0.199E+00  0.140E-02  0.415E-01  0.157E+00
-15.565  0.208E+00  0.155E-02  0.537E-01  0.152E+00
-15.545  0.216E+00  0.171E-02  0.679E-01  0.147E+00
-15.525  0.226E+00  0.188E-02  0.840E-01  0.140E+00
-15.505  0.237E+00  0.206E-02  0.102E+00  0.133E+00
-15.485  0.249E+00  0.225E-02  0.122E+00  0.125E+00
-15.465  0.261E+00  0.245E-02  0.142E+00  0.116E+00
-15.445  0.274E+00  0.265E-02  0.164E+00  0.107E+00
-15.425  0.288E+00  0.285E-02  0.187E+00  0.986E-01
-15.405  0.302E+00  0.305E-02  0.209E+00  0.900E-01
-15.385  0.316E+00  0.325E-02  0.230E+00  0.819E-01
-15.365  0.329E+00  0.344E-02  0.251E+00  0.744E-01
-15.345  0.341E+00  0.361E-02  0.269E+00  0.676E-01
-15.325  0.351E+00  0.376E-02  0.285E+00  0.617E-01
-15.305  0.359E+00  0.389E-02  0.298E+00  0.565E-01
-15.285  0.364E+00  0.400E-02  0.308E+00  0.522E-01
-15.265  0.367E+00  0.407E-02  0.314E+00  0.487E-01
-15.245  0.366E+00  0.411E-02  0.316E+00  0.459E-01
-15.225  0.362E+00  0.412E-02  0.315E+00  0.437E-01
-15.205  0.356E+00  0.411E-02  0.309E+00  0.420E-01
-15.185  0.346E+00  0.407E-02  0.301E+00  0.407E-01
-15.165  0.333E+00  0.400E-02  0.289E+00  0.398E-01
-15.145  0.318E+00  0.392E-02  0.275E+00  0.391E-01
-15.125  0.302E+00  0.383E-02  0.259E+00  0.386E-01
-15.105  0.284E+00  0.373E-02  0.242E+00  0.382E-01
-15.085  0.266E+00  0.363E-02  0.224E+00  0.378E-01
-15.065  0.247E+00  0.352E-02  0.206E+00  0.374E-01
-15.045  0.229E+00  0.342E-02  0.189E+00  0.370E-01
-15.025  0.212E+00  0.333E-02  0.172E+00  0.366E-01
-15.005  0.195E+00  0.324E-02  0.156E+00  0.360E-01
-14.985  0.181E+00  0.315E-02  0.142E+00  0.354E-01
-14.965  0.167E+00  0.308E-02  0.129E+00  0.348E-01
-14.945  0.155E+00  0.300E-02  0.118E+00  0.340E-01
-14.925  0.145E+00  0.293E-02  0.109E+00  0.332E-01
-14.905  0.137E+00  0.285E-02  0.101E+00  0.323E-01
-14.885  0.129E+00  0.277E-02  0.952E-01  0.314E-01
-14.865  0.123E+00  0.269E-02  0.902E-01  0.305E-01
-14.845  0.119E+00  0.260E-02  0.864E-01  0.297E-01
-14.825  0.115E+00  0.251E-02  0.836E-01  0.289E-01
-14.805  0.112E+00  0.241E-02  0.815E-01  0.283E-01
-14.785  0.110E+00  0.230E-02  0.799E-01  0.279E-01
-14.765  0.109E+00  0.219E-02  0.789E-01  0.278E-01
-14.745  0.108E+00  0.209E-02  0.782E-01  0.280E-01
-14.725  0.108E+00  0.198E-02  0.777E-01  0.285E-01
-14.705  0.109E+00  0.187E-02  0.773E-01  0.294E-01
-14.685  0.110E+00  0.177E-02  0.771E-01  0.306E-01
-14.665  0.111E+00  0.168E-02  0.770E-01  0.323E-01
-14.645  0.113E+00  0.160E-02  0.768E-01  0.342E-01
-14.625  0.115E+00  0.153E-02  0.767E-01  0.365E-01
-14.605  0.117E+00  0.146E-02  0.766E-01  0.389E-01
-14.585  0.120E+00  0.141E-02  0.766E-01  0.416E-01
-14.565  0.122E+00  0.137E-02  0.765E-01  0.442E-01
-14.545  0.125E+00  0.135E-02  0.765E-01  0.469E-01
-14.525  0.127E+00  0.133E-02  0.765E-01  0.495E-01
-14.505  0.130E+00  0.132E-02  0.766E-01  0.519E-01
-14.485  0.132E+00  0.132E-02  0.767E-01  0.541E-01
-14.465  0.134E+00  0.132E-02  0.768E-01  0.560E-01
-14.445  0.136E+00  0.133E-02  0.770E-01  0.576E-01
-14.425  0.138E+00  0.135E-02  0.773E-01  0.590E-01
-14.405  0.139E+00  0.136E-02  0.776E-01  0.601E-01
-14.385  0.140E+00  0.138E-02  0.780E-01  0.609E-01
-14.365  0.141E+00  0.141E-02  0.785E-01  0.615E-01
-14.345  0.142E+00  0.143E-02  0.789E-01  0.619E-01
-14.325  0.143E+00  0.145E-02  0.794E-01  0.622E-01
-14.305  0.144E+00  0.147E-02  0.800E-01  0.625E-01
-14.285  0.145E+00  0.149E-02  0.804E-01  0.627E-01
-14.265  0.145E+00  0.150E-02  0.809E-01  0.628E-01
-14.245  0.146E+00  0.151E-02  0.812E-01  0.630E-01
-14.225  0.146E+00  0.152E-02  0.814E-01  0.632E-01
-14.205  0.146E+00  0.152E-02  0.814E-01  0.633E-01
-14.185  0.146E+00  0.152E-02  0.812E-01  0.634E-01
-14.165  0.146E+00  0.150E-02  0.807E-01  0.633E-01
-14.145  0.144E+00  0.149E-02  0.799E-01  0.631E-01
-14.125  0.143E+00  0.146E-02  0.787E-01  0.626E-01
-14.105  0.140E+00  0.143E-02  0.771E-01  0.619E-01
-14.085  0.137E+00  0.138E-02  0.750E-01  0.608E-01
-14.065  0.133E+00  0.133E-02  0.725E-01  0.593E-01
-14.045  0.128E+00  0.127E-02  0.694E-01  0.574E-01
-14.025  0.122E+00  0.120E-02  0.660E-01  0.550E-01
-14.005  0.115E+00  0.113E-02  0.620E-01  0.522E-01
-13.985  0.108E+00  0.104E-02  0.577E-01  0.490E-01
-13.965  0.993E-01  0.955E-03  0.531E-01  0.453E-01
-13.945  0.904E-01  0.862E-03  0.481E-01  0.414E-01
-13.925  0.810E-01  0.766E-03  0.430E-01  0.372E-01
-13.905  0.714E-01  0.669E-03  0.378E-01  0.329E-01
-13.885  0.617E-01  0.572E-03  0.326E-01  0.284E-01
-13.865  0.521E-01  0.477E-03  0.276E-01  0.240E-01
-13.845  0.428E-01  0.385E-03  0.227E-01  0.197E-01
-13.825  0.339E-01  0.299E-03  0.180E-01  0.156E-01
-13.805  0.256E-01  0.218E-03  0.137E-01  0.117E-01
-13.785  0.181E-01  0.143E-03  0.980E-02  0.810E-02
-13.765  0.113E-01  0.764E-04  0.631E-02  0.487E-02
-13.745  0.530E-02  0.173E-04  0.327E-02  0.201E-02
-13.725  0.224E-03 -0.334E-04  0.689E-03 -0.432E-03
-13.705 -0.396E-02 -0.755E-04 -0.143E-02 -0.245E-02
-13.685 -0.723E-02 -0.109E-03 -0.308E-02 -0.404E-02
-13.665 -0.960E-02 -0.132E-03 -0.429E-02 -0.518E-02
-13.645 -0.111E-01 -0.146E-03 -0.505E-02 -0.586E-02
-13.625 -0.116E-01 -0.150E-03 -0.539E-02 -0.605E-02
-13.605 -0.112E-01 -0.143E-03 -0.529E-02 -0.576E-02
-13.585 -0.983E-02 -0.123E-03 -0.477E-02 -0.494E-02
-13.565 -0.749E-02 -0.906E-04 -0.383E-02 -0.357E-02
-13.545 -0.413E-02 -0.442E-04 -0.245E-02 -0.164E-02
-13.525  0.257E-03  0.168E-04 -0.647E-03  0.887E-03
-13.505  0.569E-02  0.930E-04  0.159E-02  0.400E-02
-13.485  0.122E-01  0.185E-03  0.426E-02  0.771E-02
-13.465  0.196E-01  0.292E-03  0.734E-02  0.120E-01
-13.445  0.280E-01  0.413E-03  0.108E-01  0.168E-01
-13.425  0.371E-01  0.548E-03  0.146E-01  0.220E-01
-13.405  0.469E-01  0.694E-03  0.187E-01  0.276E-01
-13.385  0.572E-01  0.848E-03  0.229E-01  0.334E-01
-13.365  0.676E-01  0.101E-02  0.273E-01  0.393E-01
-13.345  0.780E-01  0.117E-02  0.317E-01  0.451E-01
-13.325  0.882E-01  0.133E-02  0.361E-01  0.508E-01
-13.305  0.978E-01  0.149E-02  0.402E-01  0.562E-01
-13.285  0.107E+00  0.163E-02  0.440E-01  0.611E-01
-13.265  0.115E+00  0.177E-02  0.475E-01  0.655E-01
-13.245  0.122E+00  0.189E-02  0.506E-01  0.693E-01
-13.225  0.128E+00  0.200E-02  0.531E-01  0.725E-01
-13.205  0.132E+00  0.209E-02  0.551E-01  0.752E-01
-13.185  0.136E+00  0.217E-02  0.566E-01  0.774E-01
-13.165  0.139E+00  0.223E-02  0.575E-01  0.793E-01
-13.145  0.141E+00  0.228E-02  0.580E-01  0.811E-01
-13.125  0.143E+00  0.232E-02  0.581E-01  0.829E-01
-13.105  0.145E+00  0.236E-02  0.578E-01  0.850E-01
-13.085  0.147E+00  0.239E-02  0.573E-01  0.875E-01
-13.065  0.150E+00  0.243E-02  0.566E-01  0.907E-01
-13.045  0.153E+00  0.246E-02  0.558E-01  0.946E-01
-13.025  0.157E+00  0.249E-02  0.550E-01  0.995E-01
-13.005  0.162E+00  0.253E-02  0.543E-01  0.105E+00
-12.985  0.168E+00  0.257E-02  0.537E-01  0.112E+00
-12.965  0.176E+00  0.262E-02  0.533E-01  0.120E+00
-12.945  0.184E+00  0.266E-02  0.533E-01  0.128E+00
-12.925  0.193E+00  0.271E-02  0.536E-01  0.137E+00
-12.905  0.202E+00  0.274E-02  0.543E-01  0.145E+00
-12.885  0.212E+00  0.277E-02  0.555E-01  0.154E+00
-12.865  0.222E+00  0.279E-02  0.572E-01  0.162E+00
-12.845  0.232E+00  0.280E-02  0.595E-01  0.170E+00
-12.825  0.241E+00  0.279E-02  0.622E-01  0.176E+00
-12.805  0.249E+00  0.276E-02  0.656E-01  0.181E+00
-12.785  0.256E+00  0.271E-02  0.694E-01  0.184E+00
-12.765  0.261E+00  0.264E-02  0.738E-01  0.185E+00
-12.745  0.266E+00  0.256E-02  0.785E-01  0.184E+00
-12.725  0.268E+00  0.246E-02  0.836E-01  0.182E+00
-12.705  0.269E+00  0.235E-02  0.888E-01  0.178E+00
-12.685  0.268E+00  0.222E-02  0.941E-01  0.172E+00
-12.665  0.266E+00  0.208E-02  0.992E-01  0.165E+00
-12.645  0.263E+00  0.194E-02  0.104E+00  0.157E+00
-12.625  0.258E+00  0.179E-02  0.108E+00  0.148E+00
-12.605  0.252E+00  0.164E-02  0.112E+00  0.138E+00
-12.585  0.245E+00  0.150E-02  0.115E+00  0.129E+00
-12.565  0.238E+00  0.137E-02  0.117E+00  0.119E+00
-12.545  0.230E+00  0.125E-02  0.119E+00  0.110E+00
-12.525  0.223E+00  0.114E-02  0.120E+00  0.102E+00
-12.505  0.215E+00  0.106E-02  0.120E+00  0.945E-01
-12.485  0.208E+00  0.101E-02  0.120E+00  0.878E-01
-12.465  0.202E+00  0.982E-03  0.119E+00  0.822E-01
-12.445  0.197E+00  0.995E-03  0.119E+00  0.776E-01
-12.425  0.194E+00  0.105E-02  0.119E+00  0.740E-01
-12.405  0.192E+00  0.115E-02  0.119E+00  0.713E-01
-12.385  0.192E+00  0.130E-02  0.121E+00  0.696E-01
-12.365  0.194E+00  0.150E-02  0.123E+00  0.688E-01
-12.345  0.198E+00  0.175E-02  0.127E+00  0.687E-01
-12.325  0.204E+00  0.206E-02  0.132E+00  0.694E-01
-12.305  0.212E+00  0.241E-02  0.138E+00  0.708E-01
-12.285  0.221E+00  0.280E-02  0.146E+00  0.727E-01
-12.265  0.233E+00  0.323E-02  0.154E+00  0.751E-01
-12.245  0.245E+00  0.368E-02  0.164E+00  0.780E-01
-12.225  0.258E+00  0.414E-02  0.173E+00  0.812E-01
-12.205  0.271E+00  0.460E-02  0.182E+00  0.846E-01
-12.185  0.284E+00  0.505E-02  0.191E+00  0.881E-01
-12.165  0.296E+00  0.547E-02  0.199E+00  0.916E-01
-12.145  0.306E+00  0.586E-02  0.205E+00  0.951E-01
-12.125  0.314E+00  0.619E-02  0.210E+00  0.983E-01
-12.105  0.320E+00  0.647E-02  0.212E+00  0.101E+00
-12.085  0.323E+00  0.668E-02  0.213E+00  0.104E+00
-12.065  0.323E+00  0.683E-02  0.210E+00  0.106E+00
-12.045  0.320E+00  0.692E-02  0.206E+00  0.107E+00
-12.025  0.314E+00  0.694E-02  0.199E+00  0.108E+00
-12.005  0.306E+00  0.690E-02  0.191E+00  0.108E+00
-11.985  0.295E+00  0.682E-02  0.181E+00  0.108E+00
-11.965  0.282E+00  0.669E-02  0.169E+00  0.107E+00
-11.945  0.268E+00  0.654E-02  0.157E+00  0.105E+00
-11.925  0.254E+00  0.637E-02  0.144E+00  0.103E+00
-11.905  0.239E+00  0.619E-02  0.132E+00  0.101E+00
-11.885  0.224E+00  0.601E-02  0.120E+00  0.982E-01
-11.865  0.210E+00  0.583E-02  0.109E+00  0.955E-01
-11.845  0.197E+00  0.567E-02  0.987E-01  0.928E-01
-11.825  0.186E+00  0.551E-02  0.900E-01  0.901E-01
-11.805  0.176E+00  0.538E-02  0.827E-01  0.876E-01
-11.785  0.167E+00  0.525E-02  0.770E-01  0.853E-01
-11.765  0.161E+00  0.514E-02  0.727E-01  0.832E-01
-11.745  0.156E+00  0.504E-02  0.698E-01  0.815E-01
-11.725  0.153E+00  0.496E-02  0.683E-01  0.801E-01
-11.705  0.152E+00  0.487E-02  0.678E-01  0.790E-01
-11.685  0.151E+00  0.480E-02  0.683E-01  0.783E-01
-11.665  0.152E+00  0.472E-02  0.695E-01  0.778E-01
-11.645  0.153E+00  0.464E-02  0.712E-01  0.776E-01
-11.625  0.155E+00  0.457E-02  0.733E-01  0.776E-01
-11.605  0.158E+00  0.449E-02  0.756E-01  0.777E-01
-11.585  0.160E+00  0.442E-02  0.779E-01  0.780E-01
-11.565  0.163E+00  0.434E-02  0.801E-01  0.784E-01
-11.545  0.165E+00  0.426E-02  0.820E-01  0.788E-01
-11.525  0.167E+00  0.419E-02  0.837E-01  0.793E-01
-11.505  0.169E+00  0.412E-02  0.851E-01  0.798E-01
-11.485  0.171E+00  0.406E-02  0.861E-01  0.804E-01
-11.465  0.172E+00  0.401E-02  0.868E-01  0.811E-01
-11.445  0.173E+00  0.398E-02  0.872E-01  0.819E-01
-11.425  0.174E+00  0.396E-02  0.874E-01  0.830E-01
-11.405  0.176E+00  0.396E-02  0.874E-01  0.844E-01
-11.385  0.177E+00  0.398E-02  0.872E-01  0.862E-01
-11.365  0.180E+00  0.402E-02  0.870E-01  0.884E-01
-11.345  0.182E+00  0.409E-02  0.869E-01  0.912E-01
-11.325  0.185E+00  0.419E-02  0.867E-01  0.946E-01
-11.305  0.189E+00  0.431E-02  0.866E-01  0.985E-01
-11.285  0.194E+00  0.445E-02  0.865E-01  0.103E+00
-11.265  0.199E+00  0.461E-02  0.865E-01  0.108E+00
-11.245  0.205E+00  0.478E-02  0.864E-01  0.114E+00
-11.225  0.211E+00  0.496E-02  0.864E-01  0.119E+00
-11.205  0.216E+00  0.514E-02  0.862E-01  0.125E+00
-11.185  0.222E+00  0.532E-02  0.858E-01  0.131E+00
-11.165  0.227E+00  0.548E-02  0.852E-01  0.137E+00
-11.145  0.232E+00  0.562E-02  0.843E-01  0.142E+00
-11.125  0.235E+00  0.573E-02  0.831E-01  0.146E+00
-11.105  0.237E+00  0.580E-02  0.815E-01  0.150E+00
-11.085  0.238E+00  0.582E-02  0.797E-01  0.152E+00
-11.065  0.237E+00  0.580E-02  0.775E-01  0.153E+00
-11.045  0.234E+00  0.572E-02  0.752E-01  0.153E+00
-11.025  0.231E+00  0.559E-02  0.728E-01  0.152E+00
-11.005  0.225E+00  0.542E-02  0.704E-01  0.150E+00
-10.985  0.219E+00  0.520E-02  0.682E-01  0.146E+00
-10.965  0.212E+00  0.493E-02  0.663E-01  0.141E+00
-10.945  0.204E+00  0.464E-02  0.648E-01  0.135E+00
-10.925  0.197E+00  0.434E-02  0.640E-01  0.128E+00
-10.905  0.189E+00  0.402E-02  0.640E-01  0.121E+00
-10.885  0.182E+00  0.371E-02  0.649E-01  0.113E+00
-10.865  0.176E+00  0.343E-02  0.668E-01  0.106E+00
-10.845  0.172E+00  0.318E-02  0.698E-01  0.987E-01
-10.825  0.169E+00  0.298E-02  0.739E-01  0.918E-01
-10.805  0.168E+00  0.284E-02  0.791E-01  0.856E-01
-10.785  0.168E+00  0.278E-02  0.854E-01  0.802E-01
-10.765  0.171E+00  0.279E-02  0.927E-01  0.756E-01
-10.745  0.176E+00  0.288E-02  0.101E+00  0.721E-01
-10.725  0.183E+00  0.305E-02  0.110E+00  0.695E-01
-10.705  0.191E+00  0.330E-02  0.120E+00  0.678E-01
-10.685  0.200E+00  0.361E-02  0.130E+00  0.670E-01
-10.665  0.211E+00  0.396E-02  0.140E+00  0.670E-01
-10.645  0.222E+00  0.434E-02  0.150E+00  0.677E-01
-10.625  0.233E+00  0.472E-02  0.160E+00  0.689E-01
-10.605  0.244E+00  0.508E-02  0.169E+00  0.705E-01
-10.585  0.254E+00  0.538E-02  0.177E+00  0.724E-01
-10.565  0.263E+00  0.559E-02  0.183E+00  0.744E-01
-10.545  0.271E+00  0.571E-02  0.189E+00  0.764E-01
-10.525  0.276E+00  0.573E-02  0.192E+00  0.783E-01
-10.505  0.280E+00  0.564E-02  0.194E+00  0.801E-01
-10.485  0.281E+00  0.549E-02  0.194E+00  0.818E-01
-10.465  0.280E+00  0.533E-02  0.192E+00  0.832E-01
-10.445  0.277E+00  0.527E-02  0.187E+00  0.844E-01
-10.425  0.272E+00  0.544E-02  0.181E+00  0.854E-01
-10.405  0.266E+00  0.603E-02  0.174E+00  0.862E-01
-10.385  0.259E+00  0.726E-02  0.164E+00  0.870E-01
-10.365  0.251E+00  0.941E-02  0.154E+00  0.877E-01
-10.345  0.244E+00  0.128E-01  0.143E+00  0.885E-01
-10.325  0.238E+00  0.177E-01  0.131E+00  0.894E-01
-10.305  0.234E+00  0.246E-01  0.119E+00  0.904E-01
-10.285  0.233E+00  0.337E-01  0.108E+00  0.918E-01
-10.265  0.236E+00  0.454E-01  0.970E-01  0.935E-01
-10.245  0.242E+00  0.598E-01  0.869E-01  0.957E-01
-10.225  0.254E+00  0.773E-01  0.779E-01  0.985E-01
-10.205  0.270E+00  0.977E-01  0.701E-01  0.102E+00
-10.185  0.291E+00  0.121E+00  0.636E-01  0.106E+00
-10.165  0.316E+00  0.147E+00  0.585E-01  0.111E+00
-10.145  0.347E+00  0.175E+00  0.547E-01  0.117E+00
-10.125  0.381E+00  0.205E+00  0.522E-01  0.123E+00
-10.105  0.418E+00  0.236E+00  0.508E-01  0.131E+00
-10.085  0.457E+00  0.267E+00  0.505E-01  0.139E+00
-10.065  0.497E+00  0.297E+00  0.510E-01  0.149E+00
-10.045  0.536E+00  0.325E+00  0.522E-01  0.159E+00
-10.025  0.574E+00  0.351E+00  0.540E-01  0.169E+00
-10.005  0.609E+00  0.373E+00  0.561E-01  0.180E+00
 -9.985  0.640E+00  0.390E+00  0.585E-01  0.191E+00
 -9.965  0.666E+00  0.403E+00  0.610E-01  0.202E+00
 -9.945  0.686E+00  0.410E+00  0.636E-01  0.213E+00
 -9.925  0.699E+00  0.411E+00  0.661E-01  0.222E+00
 -9.905  0.706E+00  0.407E+00  0.685E-01  0.230E+00
 -9.885  0.705E+00  0.397E+00  0.708E-01  0.237E+00
 -9.865  0.698E+00  0.383E+00  0.730E-01  0.242E+00
 -9.845  0.684E+00  0.364E+00  0.751E-01  0.245E+00
 -9.825  0.665E+00  0.342E+00  0.772E-01  0.245E+00
 -9.805  0.641E+00  0.318E+00  0.792E-01  0.243E+00
 -9.785  0.613E+00  0.293E+00  0.813E-01  0.239E+00
 -9.765  0.582E+00  0.267E+00  0.835E-01  0.232E+00
 -9.745  0.549E+00  0.241E+00  0.857E-01  0.222E+00
 -9.725  0.516E+00  0.217E+00  0.882E-01  0.211E+00
 -9.705  0.483E+00  0.194E+00  0.908E-01  0.198E+00
 -9.685  0.451E+00  0.174E+00  0.935E-01  0.183E+00
 -9.665  0.420E+00  0.157E+00  0.964E-01  0.167E+00
 -9.645  0.393E+00  0.142E+00  0.994E-01  0.151E+00
 -9.625  0.368E+00  0.130E+00  0.102E+00  0.135E+00
 -9.605  0.346E+00  0.122E+00  0.105E+00  0.119E+00
 -9.585  0.328E+00  0.115E+00  0.108E+00  0.104E+00
 -9.565  0.313E+00  0.111E+00  0.111E+00  0.902E-01
 -9.545  0.301E+00  0.109E+00  0.114E+00  0.778E-01
 -9.525  0.292E+00  0.109E+00  0.116E+00  0.670E-01
 -9.505  0.287E+00  0.110E+00  0.119E+00  0.582E-01
 -9.485  0.284E+00  0.112E+00  0.121E+00  0.513E-01
 -9.465  0.283E+00  0.114E+00  0.123E+00  0.465E-01
 -9.445  0.285E+00  0.117E+00  0.125E+00  0.438E-01
 -9.425  0.289E+00  0.119E+00  0.127E+00  0.429E-01
 -9.405  0.295E+00  0.122E+00  0.129E+00  0.439E-01
 -9.385  0.302E+00  0.125E+00  0.131E+00  0.464E-01
 -9.365  0.310E+00  0.127E+00  0.133E+00  0.504E-01
 -9.345  0.319E+00  0.129E+00  0.135E+00  0.556E-01
 -9.325  0.329E+00  0.130E+00  0.137E+00  0.617E-01
 -9.305  0.339E+00  0.131E+00  0.139E+00  0.685E-01
 -9.285  0.349E+00  0.132E+00  0.142E+00  0.758E-01
 -9.265  0.359E+00  0.132E+00  0.144E+00  0.832E-01
 -9.245  0.369E+00  0.132E+00  0.146E+00  0.907E-01
 -9.225  0.377E+00  0.132E+00  0.148E+00  0.980E-01
 -9.205  0.385E+00  0.131E+00  0.149E+00  0.105E+00
 -9.185  0.391E+00  0.130E+00  0.149E+00  0.111E+00
 -9.165  0.395E+00  0.129E+00  0.149E+00  0.117E+00
 -9.145  0.398E+00  0.128E+00  0.148E+00  0.122E+00
 -9.125  0.399E+00  0.127E+00  0.146E+00  0.125E+00
 -9.105  0.397E+00  0.126E+00  0.143E+00  0.128E+00
 -9.085  0.394E+00  0.125E+00  0.139E+00  0.130E+00
 -9.065  0.388E+00  0.124E+00  0.133E+00  0.131E+00
 -9.045  0.380E+00  0.122E+00  0.127E+00  0.131E+00
 -9.025  0.371E+00  0.121E+00  0.120E+00  0.130E+00
 -9.005  0.360E+00  0.120E+00  0.112E+00  0.128E+00
 -8.985  0.347E+00  0.120E+00  0.103E+00  0.125E+00
 -8.965  0.334E+00  0.119E+00  0.942E-01  0.121E+00
 -8.945  0.320E+00  0.119E+00  0.848E-01  0.117E+00
 -8.925  0.306E+00  0.118E+00  0.754E-01  0.112E+00
 -8.905  0.291E+00  0.119E+00  0.662E-01  0.106E+00
 -8.885  0.277E+00  0.119E+00  0.573E-01  0.101E+00
 -8.865  0.264E+00  0.119E+00  0.490E-01  0.958E-01
 -8.845  0.251E+00  0.119E+00  0.413E-01  0.906E-01
 -8.825  0.240E+00  0.120E+00  0.346E-01  0.858E-01
 -8.805  0.231E+00  0.120E+00  0.289E-01  0.814E-01
 -8.785  0.223E+00  0.121E+00  0.242E-01  0.776E-01
 -8.765  0.216E+00  0.121E+00  0.207E-01  0.745E-01
 -8.745  0.211E+00  0.121E+00  0.183E-01  0.722E-01
 -8.725  0.208E+00  0.121E+00  0.172E-01  0.706E-01
 -8.705  0.207E+00  0.120E+00  0.171E-01  0.697E-01
 -8.685  0.207E+00  0.120E+00  0.182E-01  0.696E-01
 -8.665  0.209E+00  0.119E+00  0.203E-01  0.702E-01
 -8.645  0.212E+00  0.117E+00  0.232E-01  0.714E-01
 -8.625  0.216E+00  0.116E+00  0.269E-01  0.729E-01
 -8.605  0.220E+00  0.114E+00  0.313E-01  0.748E-01
 -8.585  0.225E+00  0.112E+00  0.361E-01  0.768E-01
 -8.565  0.230E+00  0.110E+00  0.413E-01  0.788E-01
 -8.545  0.235E+00  0.108E+00  0.466E-01  0.806E-01
 -8.525  0.240E+00  0.106E+00  0.520E-01  0.822E-01
 -8.505  0.244E+00  0.103E+00  0.572E-01  0.832E-01
 -8.485  0.247E+00  0.101E+00  0.623E-01  0.838E-01
 -8.465  0.249E+00  0.984E-01  0.669E-01  0.838E-01
 -8.445  0.250E+00  0.960E-01  0.711E-01  0.832E-01
 -8.425  0.250E+00  0.936E-01  0.748E-01  0.820E-01
 -8.405  0.249E+00  0.913E-01  0.779E-01  0.804E-01
 -8.385  0.248E+00  0.890E-01  0.803E-01  0.783E-01
 -8.365  0.245E+00  0.868E-01  0.821E-01  0.759E-01
 -8.345  0.241E+00  0.847E-01  0.833E-01  0.733E-01
 -8.325  0.237E+00  0.828E-01  0.839E-01  0.707E-01
 -8.305  0.233E+00  0.809E-01  0.838E-01  0.682E-01
 -8.285  0.228E+00  0.792E-01  0.832E-01  0.659E-01
 -8.265  0.224E+00  0.775E-01  0.821E-01  0.640E-01
 -8.245  0.219E+00  0.760E-01  0.805E-01  0.624E-01
 -8.225  0.215E+00  0.746E-01  0.786E-01  0.613E-01
 -8.205  0.210E+00  0.733E-01  0.764E-01  0.607E-01
 -8.185  0.207E+00  0.721E-01  0.739E-01  0.606E-01
 -8.165  0.204E+00  0.711E-01  0.714E-01  0.610E-01
 -8.145  0.201E+00  0.703E-01  0.688E-01  0.619E-01
 -8.125  0.199E+00  0.696E-01  0.663E-01  0.631E-01
 -8.105  0.198E+00  0.694E-01  0.640E-01  0.648E-01
 -8.085  0.198E+00  0.695E-01  0.620E-01  0.667E-01
 -8.065  0.200E+00  0.703E-01  0.604E-01  0.690E-01
 -8.045  0.203E+00  0.719E-01  0.592E-01  0.715E-01
 -8.025  0.207E+00  0.744E-01  0.586E-01  0.743E-01
 -8.005  0.214E+00  0.782E-01  0.584E-01  0.774E-01
 -7.985  0.223E+00  0.834E-01  0.589E-01  0.807E-01
 -7.965  0.234E+00  0.904E-01  0.598E-01  0.843E-01
 -7.945  0.249E+00  0.992E-01  0.612E-01  0.883E-01
 -7.925  0.266E+00  0.110E+00  0.630E-01  0.926E-01
 -7.905  0.285E+00  0.123E+00  0.652E-01  0.972E-01
 -7.885  0.308E+00  0.138E+00  0.675E-01  0.102E+00
 -7.865  0.333E+00  0.155E+00  0.700E-01  0.107E+00
 -7.845  0.360E+00  0.175E+00  0.724E-01  0.113E+00
 -7.825  0.389E+00  0.195E+00  0.748E-01  0.119E+00
 -7.805  0.419E+00  0.217E+00  0.769E-01  0.125E+00
 -7.785  0.448E+00  0.239E+00  0.787E-01  0.131E+00
 -7.765  0.478E+00  0.261E+00  0.802E-01  0.137E+00
 -7.745  0.506E+00  0.282E+00  0.813E-01  0.143E+00
 -7.725  0.532E+00  0.302E+00  0.821E-01  0.148E+00
 -7.705  0.555E+00  0.319E+00  0.826E-01  0.153E+00
 -7.685  0.574E+00  0.333E+00  0.828E-01  0.158E+00
 -7.665  0.589E+00  0.344E+00  0.828E-01  0.163E+00
 -7.645  0.600E+00  0.351E+00  0.826E-01  0.167E+00
 -7.625  0.606E+00  0.353E+00  0.824E-01  0.170E+00
 -7.605  0.608E+00  0.352E+00  0.823E-01  0.174E+00
 -7.585  0.606E+00  0.347E+00  0.822E-01  0.177E+00
 -7.565  0.600E+00  0.338E+00  0.823E-01  0.180E+00
 -7.545  0.591E+00  0.325E+00  0.825E-01  0.184E+00
 -7.525  0.580E+00  0.310E+00  0.829E-01  0.187E+00
 -7.505  0.567E+00  0.294E+00  0.835E-01  0.190E+00
 -7.485  0.552E+00  0.276E+00  0.842E-01  0.193E+00
 -7.465  0.537E+00  0.257E+00  0.850E-01  0.195E+00
 -7.445  0.522E+00  0.239E+00  0.859E-01  0.197E+00
 -7.425  0.507E+00  0.221E+00  0.868E-01  0.199E+00
 -7.405  0.492E+00  0.205E+00  0.877E-01  0.200E+00
 -7.385  0.478E+00  0.190E+00  0.885E-01  0.200E+00
 -7.365  0.464E+00  0.176E+00  0.892E-01  0.198E+00
 -7.345  0.450E+00  0.165E+00  0.897E-01  0.195E+00
 -7.325  0.436E+00  0.155E+00  0.900E-01  0.191E+00
 -7.305  0.422E+00  0.146E+00  0.903E-01  0.185E+00
 -7.285  0.407E+00  0.139E+00  0.905E-01  0.177E+00
 -7.265  0.391E+00  0.132E+00  0.906E-01  0.168E+00
 -7.245  0.375E+00  0.127E+00  0.908E-01  0.158E+00
 -7.225  0.358E+00  0.121E+00  0.912E-01  0.146E+00
 -7.205  0.341E+00  0.116E+00  0.917E-01  0.133E+00
 -7.185  0.323E+00  0.111E+00  0.927E-01  0.120E+00
 -7.165  0.306E+00  0.106E+00  0.941E-01  0.106E+00
 -7.145  0.289E+00  0.101E+00  0.959E-01  0.924E-01
 -7.125  0.273E+00  0.958E-01  0.984E-01  0.790E-01
 -7.105  0.259E+00  0.916E-01  0.101E+00  0.661E-01
 -7.085  0.247E+00  0.881E-01  0.105E+00  0.541E-01
 -7.065  0.238E+00  0.857E-01  0.109E+00  0.430E-01
 -7.045  0.231E+00  0.846E-01  0.114E+00  0.331E-01
 -7.025  0.228E+00  0.851E-01  0.118E+00  0.244E-01
 -7.005  0.228E+00  0.874E-01  0.123E+00  0.169E-01
 -6.985  0.231E+00  0.918E-01  0.128E+00  0.107E-01
 -6.965  0.236E+00  0.982E-01  0.133E+00  0.565E-02
 -6.945  0.245E+00  0.107E+00  0.137E+00  0.168E-02
 -6.925  0.255E+00  0.117E+00  0.140E+00 -0.130E-02
 -6.905  0.267E+00  0.129E+00  0.142E+00 -0.343E-02
 -6.885  0.280E+00  0.143E+00  0.143E+00 -0.483E-02
 -6.865  0.294E+00  0.157E+00  0.142E+00 -0.563E-02
 -6.845  0.307E+00  0.172E+00  0.140E+00 -0.595E-02
 -6.825  0.319E+00  0.188E+00  0.137E+00 -0.591E-02
 -6.805  0.329E+00  0.203E+00  0.132E+00 -0.560E-02
 -6.785  0.338E+00  0.218E+00  0.125E+00 -0.511E-02
 -6.765  0.344E+00  0.231E+00  0.117E+00 -0.451E-02
 -6.745  0.348E+00  0.243E+00  0.109E+00 -0.385E-02
 -6.725  0.350E+00  0.254E+00  0.992E-01 -0.318E-02
 -6.705  0.349E+00  0.262E+00  0.891E-01 -0.254E-02
 -6.685  0.346E+00  0.269E+00  0.786E-01 -0.193E-02
 -6.665  0.340E+00  0.273E+00  0.682E-01 -0.139E-02
 -6.645  0.333E+00  0.276E+00  0.580E-01 -0.901E-03
 -6.625  0.324E+00  0.276E+00  0.482E-01 -0.481E-03
 -6.605  0.314E+00  0.275E+00  0.391E-01 -0.125E-03
 -6.585  0.303E+00  0.272E+00  0.309E-01  0.170E-03
 -6.565  0.292E+00  0.268E+00  0.236E-01  0.410E-03
 -6.545  0.280E+00  0.262E+00  0.172E-01  0.601E-03
 -6.525  0.269E+00  0.256E+00  0.119E-01  0.748E-03
 -6.505  0.257E+00  0.249E+00  0.757E-02  0.857E-03
 -6.485  0.247E+00  0.242E+00  0.417E-02  0.936E-03
 -6.465  0.237E+00  0.234E+00  0.162E-02  0.988E-03
 -6.445  0.228E+00  0.227E+00 -0.174E-03  0.102E-02
 -6.425  0.219E+00  0.220E+00 -0.133E-02  0.104E-02
 -6.405  0.212E+00  0.213E+00 -0.196E-02  0.104E-02
 -6.385  0.205E+00  0.206E+00 -0.218E-02  0.103E-02
 -6.365  0.199E+00  0.200E+00 -0.208E-02  0.102E-02
 -6.345  0.193E+00  0.194E+00 -0.176E-02  0.100E-02
 -6.325  0.188E+00  0.188E+00 -0.130E-02  0.983E-03
 -6.305  0.184E+00  0.183E+00 -0.771E-03  0.963E-03
 -6.285  0.179E+00  0.179E+00 -0.214E-03  0.945E-03
 -6.265  0.175E+00  0.174E+00  0.329E-03  0.928E-03
 -6.245  0.172E+00  0.170E+00  0.832E-03  0.914E-03
 -6.225  0.168E+00  0.166E+00  0.128E-02  0.902E-03
 -6.205  0.165E+00  0.162E+00  0.166E-02  0.894E-03
 -6.185  0.162E+00  0.159E+00  0.198E-02  0.891E-03
 -6.165  0.159E+00  0.156E+00  0.224E-02  0.891E-03
 -6.145  0.156E+00  0.153E+00  0.244E-02  0.895E-03
 -6.125  0.154E+00  0.151E+00  0.260E-02  0.905E-03
 -6.105  0.152E+00  0.149E+00  0.272E-02  0.918E-03
 -6.085  0.151E+00  0.148E+00  0.282E-02  0.936E-03
 -6.065  0.151E+00  0.147E+00  0.290E-02  0.958E-03
 -6.045  0.152E+00  0.148E+00  0.296E-02  0.985E-03
 -6.025  0.153E+00  0.149E+00  0.302E-02  0.101E-02
 -6.005  0.155E+00  0.151E+00  0.308E-02  0.105E-02
 -5.985  0.157E+00  0.153E+00  0.313E-02  0.108E-02
 -5.965  0.160E+00  0.156E+00  0.319E-02  0.111E-02
 -5.945  0.164E+00  0.159E+00  0.324E-02  0.115E-02
 -5.925  0.167E+00  0.163E+00  0.329E-02  0.118E-02
 -5.905  0.170E+00  0.166E+00  0.334E-02  0.121E-02
 -5.885  0.173E+00  0.168E+00  0.337E-02  0.123E-02
 -5.865  0.175E+00  0.170E+00  0.340E-02  0.124E-02
 -5.845  0.176E+00  0.171E+00  0.340E-02  0.125E-02
 -5.825  0.176E+00  0.171E+00  0.338E-02  0.124E-02
 -5.805  0.174E+00  0.170E+00  0.335E-02  0.123E-02
 -5.785  0.171E+00  0.167E+00  0.329E-02  0.120E-02
 -5.765  0.167E+00  0.162E+00  0.320E-02  0.116E-02
 -5.745  0.161E+00  0.157E+00  0.310E-02  0.112E-02
 -5.725  0.154E+00  0.150E+00  0.297E-02  0.106E-02
 -5.705  0.145E+00  0.141E+00  0.284E-02  0.995E-03
 -5.685  0.136E+00  0.133E+00  0.269E-02  0.923E-03
 -5.665  0.127E+00  0.123E+00  0.254E-02  0.848E-03
 -5.645  0.117E+00  0.114E+00  0.239E-02  0.770E-03
 -5.625  0.108E+00  0.105E+00  0.224E-02  0.694E-03
 -5.605  0.986E-01  0.959E-01  0.211E-02  0.620E-03
 -5.585  0.905E-01  0.879E-01  0.199E-02  0.551E-03
 -5.565  0.834E-01  0.810E-01  0.190E-02  0.490E-03
 -5.545  0.776E-01  0.753E-01  0.182E-02  0.437E-03
 -5.525  0.733E-01  0.711E-01  0.177E-02  0.395E-03
 -5.505  0.705E-01  0.684E-01  0.174E-02  0.364E-03
 -5.485  0.694E-01  0.673E-01  0.174E-02  0.344E-03
 -5.465  0.698E-01  0.678E-01  0.176E-02  0.336E-03
 -5.445  0.719E-01  0.698E-01  0.180E-02  0.340E-03
 -5.425  0.755E-01  0.733E-01  0.185E-02  0.354E-03
 -5.405  0.804E-01  0.781E-01  0.193E-02  0.378E-03
 -5.385  0.866E-01  0.842E-01  0.202E-02  0.412E-03
 -5.365  0.939E-01  0.914E-01  0.212E-02  0.453E-03
 -5.345  0.102E+00  0.994E-01  0.223E-02  0.501E-03
 -5.325  0.111E+00  0.108E+00  0.235E-02  0.555E-03
 -5.305  0.121E+00  0.118E+00  0.248E-02  0.612E-03
 -5.285  0.130E+00  0.127E+00  0.261E-02  0.671E-03
 -5.265  0.140E+00  0.137E+00  0.275E-02  0.731E-03
 -5.245  0.150E+00  0.146E+00  0.289E-02  0.791E-03
 -5.225  0.159E+00  0.155E+00  0.302E-02  0.848E-03
 -5.205  0.167E+00  0.163E+00  0.316E-02  0.903E-03
 -5.185  0.175E+00  0.170E+00  0.328E-02  0.952E-03
 -5.165  0.181E+00  0.177E+00  0.341E-02  0.996E-03
 -5.145  0.186E+00  0.181E+00  0.352E-02  0.103E-02
 -5.125  0.189E+00  0.185E+00  0.362E-02  0.107E-02
 -5.105  0.192E+00  0.187E+00  0.372E-02  0.109E-02
 -5.085  0.192E+00  0.187E+00  0.380E-02  0.111E-02
 -5.065  0.192E+00  0.187E+00  0.387E-02  0.112E-02
 -5.045  0.190E+00  0.185E+00  0.394E-02  0.113E-02
 -5.025  0.188E+00  0.183E+00  0.400E-02  0.113E-02
 -5.005  0.185E+00  0.180E+00  0.405E-02  0.113E-02
 -4.985  0.182E+00  0.177E+00  0.410E-02  0.114E-02
 -4.965  0.180E+00  0.174E+00  0.415E-02  0.114E-02
 -4.945  0.177E+00  0.172E+00  0.420E-02  0.114E-02
 -4.925  0.176E+00  0.170E+00  0.425E-02  0.115E-02
 -4.905  0.175E+00  0.169E+00  0.430E-02  0.116E-02
 -4.885  0.175E+00  0.169E+00  0.435E-02  0.118E-02
 -4.865  0.176E+00  0.170E+00  0.439E-02  0.119E-02
 -4.845  0.178E+00  0.172E+00  0.442E-02  0.121E-02
 -4.825  0.180E+00  0.174E+00  0.444E-02  0.124E-02
 -4.805  0.182E+00  0.177E+00  0.444E-02  0.126E-02
 -4.785  0.185E+00  0.179E+00  0.442E-02  0.127E-02
 -4.765  0.187E+00  0.181E+00  0.437E-02  0.128E-02
 -4.745  0.188E+00  0.182E+00  0.430E-02  0.129E-02
 -4.725  0.187E+00  0.182E+00  0.419E-02  0.128E-02
 -4.705  0.186E+00  0.180E+00  0.404E-02  0.127E-02
 -4.685  0.182E+00  0.177E+00  0.386E-02  0.124E-02
 -4.665  0.177E+00  0.172E+00  0.365E-02  0.120E-02
 -4.645  0.169E+00  0.165E+00  0.341E-02  0.114E-02
 -4.625  0.160E+00  0.156E+00  0.314E-02  0.108E-02
 -4.605  0.150E+00  0.146E+00  0.285E-02  0.100E-02
 -4.585  0.137E+00  0.134E+00  0.255E-02  0.919E-03
 -4.565  0.124E+00  0.121E+00  0.224E-02  0.828E-03
 -4.545  0.110E+00  0.107E+00  0.193E-02  0.733E-03
 -4.525  0.955E-01  0.932E-01  0.163E-02  0.636E-03
 -4.505  0.812E-01  0.793E-01  0.134E-02  0.540E-03
 -4.485  0.672E-01  0.657E-01  0.107E-02  0.447E-03
 -4.465  0.541E-01  0.529E-01  0.829E-03  0.359E-03
 -4.445  0.419E-01  0.410E-01  0.610E-03  0.278E-03
 -4.425  0.310E-01  0.304E-01  0.420E-03  0.206E-03
 -4.405  0.214E-01  0.210E-01  0.259E-03  0.143E-03
 -4.385  0.133E-01  0.131E-01  0.127E-03  0.887E-04
 -4.365  0.661E-02  0.654E-02  0.215E-04  0.442E-04
 -4.345  0.128E-02  0.133E-02 -0.585E-04  0.890E-05
 -4.325 -0.277E-02 -0.264E-02 -0.116E-03 -0.180E-04
 -4.305 -0.568E-02 -0.549E-02 -0.154E-03 -0.374E-04
 -4.285 -0.760E-02 -0.737E-02 -0.176E-03 -0.502E-04
 -4.265 -0.869E-02 -0.845E-02 -0.185E-03 -0.575E-04
 -4.245 -0.912E-02 -0.887E-02 -0.183E-03 -0.604E-04
 -4.225 -0.904E-02 -0.880E-02 -0.175E-03 -0.600E-04
 -4.205 -0.859E-02 -0.837E-02 -0.161E-03 -0.571E-04
 -4.185 -0.790E-02 -0.770E-02 -0.145E-03 -0.525E-04
 -4.165 -0.706E-02 -0.688E-02 -0.127E-03 -0.470E-04
 -4.145 -0.616E-02 -0.601E-02 -0.109E-03 -0.411E-04
 -4.125 -0.526E-02 -0.513E-02 -0.918E-04 -0.351E-04
 -4.105 -0.441E-02 -0.430E-02 -0.760E-04 -0.294E-04
 -4.085 -0.362E-02 -0.354E-02 -0.618E-04 -0.242E-04
 -4.065 -0.293E-02 -0.286E-02 -0.495E-04 -0.196E-04
 -4.045 -0.233E-02 -0.227E-02 -0.390E-04 -0.156E-04
 -4.025 -0.182E-02 -0.178E-02 -0.303E-04 -0.122E-04
 -4.005 -0.141E-02 -0.137E-02 -0.232E-04 -0.946E-05
 -3.985 -0.107E-02 -0.105E-02 -0.176E-04 -0.720E-05
 -3.965 -0.802E-03 -0.784E-03 -0.131E-04 -0.540E-05
 -3.945 -0.593E-03 -0.580E-03 -0.963E-05 -0.400E-05
 -3.925 -0.433E-03 -0.423E-03 -0.699E-05 -0.292E-05
 -3.905 -0.312E-03 -0.305E-03 -0.501E-05 -0.211E-05
 -3.885 -0.222E-03 -0.217E-03 -0.355E-05 -0.150E-05
 -3.865 -0.156E-03 -0.152E-03 -0.248E-05 -0.105E-05
 -3.845 -0.108E-03 -0.105E-03 -0.171E-05 -0.732E-06
 -3.825 -0.740E-04 -0.723E-04 -0.117E-05 -0.502E-06
 -3.805 -0.503E-04 -0.491E-04 -0.788E-06 -0.342E-06
 -3.785 -0.340E-04 -0.332E-04 -0.525E-06 -0.232E-06
 -3.765 -0.231E-04 -0.226E-04 -0.346E-06 -0.158E-06
 -3.745 -0.161E-04 -0.158E-04 -0.225E-06 -0.112E-06
 -3.725 -0.121E-04 -0.119E-04 -0.146E-06 -0.853E-07
 -3.705 -0.103E-04 -0.102E-04 -0.940E-07 -0.751E-07
 -3.685 -0.106E-04 -0.105E-04 -0.613E-07 -0.792E-07
 -3.665 -0.128E-04 -0.127E-04 -0.415E-07 -0.978E-07
 -3.645 -0.172E-04 -0.170E-04 -0.307E-07 -0.133E-06
 -3.625 -0.243E-04 -0.241E-04 -0.263E-07 -0.189E-06
 -3.605 -0.348E-04 -0.345E-04 -0.271E-07 -0.272E-06
 -3.585 -0.499E-04 -0.495E-04 -0.324E-07 -0.390E-06
 -3.565 -0.710E-04 -0.704E-04 -0.423E-07 -0.554E-06
 -3.545 -0.998E-04 -0.989E-04 -0.573E-07 -0.780E-06
 -3.525 -0.139E-03 -0.137E-03 -0.783E-07 -0.108E-05
 -3.505 -0.190E-03 -0.188E-03 -0.107E-06 -0.148E-05
 -3.485 -0.256E-03 -0.254E-03 -0.143E-06 -0.200E-05
 -3.465 -0.341E-03 -0.338E-03 -0.191E-06 -0.267E-05
 -3.445 -0.448E-03 -0.444E-03 -0.250E-06 -0.350E-05
 -3.425 -0.579E-03 -0.574E-03 -0.323E-06 -0.452E-05
 -3.405 -0.736E-03 -0.730E-03 -0.411E-06 -0.575E-05
 -3.385 -0.920E-03 -0.912E-03 -0.514E-06 -0.719E-05
 -3.365 -0.113E-02 -0.112E-02 -0.632E-06 -0.884E-05
 -3.345 -0.136E-02 -0.135E-02 -0.762E-06 -0.107E-04
 -3.325 -0.161E-02 -0.160E-02 -0.901E-06 -0.126E-04
 -3.305 -0.186E-02 -0.185E-02 -0.104E-05 -0.146E-04
 -3.285 -0.210E-02 -0.208E-02 -0.117E-05 -0.164E-04
 -3.265 -0.230E-02 -0.228E-02 -0.129E-05 -0.180E-04
 -3.245 -0.243E-02 -0.241E-02 -0.136E-05 -0.190E-04
 -3.225 -0.246E-02 -0.244E-02 -0.138E-05 -0.192E-04
 -3.205 -0.235E-02 -0.233E-02 -0.131E-05 -0.184E-04
 -3.185 -0.204E-02 -0.203E-02 -0.114E-05 -0.160E-04
 -3.165 -0.150E-02 -0.148E-02 -0.841E-06 -0.117E-04
 -3.145 -0.660E-03 -0.655E-03 -0.377E-06 -0.516E-05
 -3.125  0.513E-03  0.509E-03  0.274E-06  0.401E-05
 -3.105  0.206E-02  0.204E-02  0.113E-05  0.161E-04
 -3.085  0.402E-02  0.398E-02  0.221E-05  0.314E-04
 -3.065  0.639E-02  0.633E-02  0.352E-05  0.499E-04
 -3.045  0.917E-02  0.909E-02  0.504E-05  0.717E-04
 -3.025  0.123E-01  0.122E-01  0.676E-05  0.964E-04
 -3.005  0.158E-01  0.157E-01  0.864E-05  0.124E-03
 -2.985  0.196E-01  0.194E-01  0.106E-04  0.153E-03
 -2.965  0.235E-01  0.233E-01  0.126E-04  0.184E-03
 -2.945  0.274E-01  0.272E-01  0.146E-04  0.214E-03
 -2.925  0.313E-01  0.310E-01  0.163E-04  0.244E-03
 -2.905  0.349E-01  0.346E-01  0.178E-04  0.273E-03
 -2.885  0.381E-01  0.377E-01  0.187E-04  0.298E-03
 -2.865  0.407E-01  0.404E-01  0.190E-04  0.319E-03
 -2.845  0.428E-01  0.424E-01  0.185E-04  0.335E-03
 -2.825  0.441E-01  0.437E-01  0.170E-04  0.345E-03
 -2.805  0.445E-01  0.442E-01  0.141E-04  0.349E-03
 -2.785  0.441E-01  0.438E-01  0.974E-05  0.346E-03
 -2.765  0.429E-01  0.425E-01  0.352E-05  0.337E-03
 -2.745  0.408E-01  0.404E-01 -0.483E-05  0.322E-03
 -2.725  0.379E-01  0.376E-01 -0.156E-04  0.300E-03
 -2.705  0.343E-01  0.341E-01 -0.292E-04  0.273E-03
 -2.685  0.302E-01  0.300E-01 -0.458E-04  0.243E-03
 -2.665  0.255E-01  0.254E-01 -0.657E-04  0.208E-03
 -2.645  0.206E-01  0.205E-01 -0.890E-04  0.172E-03
 -2.625  0.155E-01  0.155E-01 -0.116E-03  0.135E-03
 -2.605  0.103E-01  0.103E-01 -0.145E-03  0.971E-04
 -2.585  0.520E-02  0.532E-02 -0.178E-03  0.605E-04
 -2.565  0.324E-03  0.510E-03 -0.211E-03  0.257E-04
 -2.545 -0.420E-02 -0.395E-02 -0.245E-03 -0.634E-05
 -2.525 -0.822E-02 -0.791E-02 -0.276E-03 -0.347E-04
 -2.505 -0.116E-01 -0.112E-01 -0.302E-03 -0.585E-04
 -2.485 -0.141E-01 -0.137E-01 -0.320E-03 -0.769E-04
 -2.465 -0.157E-01 -0.153E-01 -0.325E-03 -0.888E-04
 -2.445 -0.160E-01 -0.156E-01 -0.312E-03 -0.932E-04
 -2.425 -0.149E-01 -0.146E-01 -0.275E-03 -0.891E-04
 -2.405 -0.122E-01 -0.119E-01 -0.210E-03 -0.753E-04
 -2.385 -0.760E-02 -0.744E-02 -0.111E-03 -0.505E-04
 -2.365 -0.904E-03 -0.919E-03  0.287E-04 -0.138E-04
 -2.345  0.807E-02  0.783E-02  0.213E-03  0.358E-04
 -2.325  0.195E-01  0.189E-01  0.446E-03  0.991E-04
 -2.305  0.334E-01  0.325E-01  0.730E-03  0.176E-03
 -2.285  0.498E-01  0.484E-01  0.107E-02  0.268E-03
 -2.265  0.686E-01  0.667E-01  0.145E-02  0.373E-03
 -2.245  0.896E-01  0.872E-01  0.188E-02  0.490E-03
 -2.225  0.112E+00  0.109E+00  0.235E-02  0.618E-03
 -2.205  0.137E+00  0.133E+00  0.285E-02  0.754E-03
 -2.185  0.162E+00  0.158E+00  0.337E-02  0.896E-03
 -2.165  0.188E+00  0.183E+00  0.390E-02  0.104E-02
 -2.145  0.213E+00  0.208E+00  0.443E-02  0.118E-02
 -2.125  0.238E+00  0.231E+00  0.493E-02  0.132E-02
 -2.105  0.261E+00  0.254E+00  0.541E-02  0.146E-02
 -2.085  0.281E+00  0.274E+00  0.584E-02  0.158E-02
 -2.065  0.299E+00  0.292E+00  0.621E-02  0.169E-02
 -2.045  0.314E+00  0.306E+00  0.652E-02  0.178E-02
 -2.025  0.326E+00  0.318E+00  0.677E-02  0.185E-02
 -2.005  0.334E+00  0.326E+00  0.694E-02  0.191E-02
 -1.985  0.339E+00  0.330E+00  0.704E-02  0.195E-02
 -1.965  0.340E+00  0.331E+00  0.707E-02  0.197E-02
 -1.945  0.339E+00  0.330E+00  0.703E-02  0.198E-02
 -1.925  0.334E+00  0.325E+00  0.695E-02  0.197E-02
 -1.905  0.328E+00  0.319E+00  0.682E-02  0.195E-02
 -1.885  0.319E+00  0.311E+00  0.665E-02  0.191E-02
 -1.865  0.310E+00  0.301E+00  0.647E-02  0.188E-02
 -1.845  0.299E+00  0.291E+00  0.627E-02  0.183E-02
 -1.825  0.289E+00  0.281E+00  0.607E-02  0.178E-02
 -1.805  0.279E+00  0.271E+00  0.588E-02  0.173E-02
 -1.785  0.269E+00  0.262E+00  0.571E-02  0.168E-02
 -1.765  0.260E+00  0.253E+00  0.555E-02  0.164E-02
 -1.745  0.253E+00  0.246E+00  0.542E-02  0.159E-02
 -1.725  0.246E+00  0.240E+00  0.532E-02  0.155E-02
 -1.705  0.241E+00  0.235E+00  0.525E-02  0.151E-02
 -1.685  0.238E+00  0.231E+00  0.520E-02  0.147E-02
 -1.665  0.235E+00  0.228E+00  0.517E-02  0.143E-02
 -1.645  0.233E+00  0.227E+00  0.516E-02  0.140E-02
 -1.625  0.232E+00  0.226E+00  0.517E-02  0.137E-02
 -1.605  0.232E+00  0.225E+00  0.518E-02  0.134E-02
 -1.585  0.231E+00  0.225E+00  0.520E-02  0.131E-02
 -1.565  0.231E+00  0.225E+00  0.521E-02  0.128E-02
 -1.545  0.230E+00  0.224E+00  0.521E-02  0.125E-02
 -1.525  0.229E+00  0.223E+00  0.520E-02  0.122E-02
 -1.505  0.227E+00  0.221E+00  0.516E-02  0.119E-02
 -1.485  0.224E+00  0.218E+00  0.510E-02  0.116E-02
 -1.465  0.220E+00  0.214E+00  0.501E-02  0.112E-02
 -1.445  0.214E+00  0.208E+00  0.488E-02  0.109E-02
 -1.425  0.207E+00  0.201E+00  0.473E-02  0.105E-02
 -1.405  0.198E+00  0.193E+00  0.454E-02  0.101E-02
 -1.385  0.188E+00  0.183E+00  0.432E-02  0.965E-03
 -1.365  0.177E+00  0.172E+00  0.407E-02  0.922E-03
 -1.345  0.165E+00  0.160E+00  0.380E-02  0.879E-03
 -1.325  0.152E+00  0.148E+00  0.352E-02  0.836E-03
 -1.305  0.139E+00  0.135E+00  0.322E-02  0.795E-03
 -1.285  0.125E+00  0.121E+00  0.292E-02  0.756E-03
 -1.265  0.112E+00  0.108E+00  0.263E-02  0.721E-03
 -1.245  0.988E-01  0.958E-01  0.236E-02  0.690E-03
 -1.225  0.870E-01  0.842E-01  0.211E-02  0.665E-03
 -1.205  0.764E-01  0.738E-01  0.188E-02  0.646E-03
 -1.185  0.674E-01  0.650E-01  0.170E-02  0.633E-03
 -1.165  0.601E-01  0.579E-01  0.156E-02  0.626E-03
 -1.145  0.549E-01  0.528E-01  0.148E-02  0.627E-03
 -1.125  0.517E-01  0.496E-01  0.144E-02  0.633E-03
 -1.105  0.506E-01  0.485E-01  0.145E-02  0.646E-03
 -1.085  0.515E-01  0.493E-01  0.151E-02  0.663E-03
 -1.065  0.543E-01  0.520E-01  0.162E-02  0.684E-03
 -1.045  0.588E-01  0.563E-01  0.178E-02  0.707E-03
 -1.025  0.647E-01  0.620E-01  0.196E-02  0.731E-03
 -1.005  0.718E-01  0.688E-01  0.218E-02  0.756E-03
 -0.985  0.796E-01  0.764E-01  0.241E-02  0.778E-03
 -0.965  0.878E-01  0.844E-01  0.265E-02  0.797E-03
 -0.945  0.961E-01  0.924E-01  0.288E-02  0.812E-03
 -0.925  0.104E+00  0.100E+00  0.311E-02  0.822E-03
 -0.905  0.112E+00  0.107E+00  0.332E-02  0.826E-03
 -0.885  0.118E+00  0.114E+00  0.350E-02  0.823E-03
 -0.865  0.123E+00  0.119E+00  0.365E-02  0.813E-03
 -0.845  0.128E+00  0.123E+00  0.376E-02  0.797E-03
 -0.825  0.130E+00  0.126E+00  0.384E-02  0.775E-03
 -0.805  0.132E+00  0.127E+00  0.387E-02  0.747E-03
 -0.785  0.132E+00  0.128E+00  0.387E-02  0.714E-03
 -0.765  0.131E+00  0.127E+00  0.384E-02  0.678E-03
 -0.745  0.130E+00  0.125E+00  0.379E-02  0.640E-03
 -0.725  0.127E+00  0.123E+00  0.371E-02  0.601E-03
 -0.705  0.124E+00  0.120E+00  0.362E-02  0.561E-03
 -0.685  0.120E+00  0.116E+00  0.352E-02  0.523E-03
 -0.665  0.117E+00  0.113E+00  0.342E-02  0.487E-03
 -0.645  0.113E+00  0.110E+00  0.333E-02  0.454E-03
 -0.625  0.110E+00  0.107E+00  0.325E-02  0.424E-03
 -0.605  0.108E+00  0.104E+00  0.319E-02  0.399E-03
 -0.585  0.106E+00  0.102E+00  0.315E-02  0.377E-03
 -0.565  0.104E+00  0.100E+00  0.313E-02  0.359E-03
 -0.545  0.103E+00  0.995E-01  0.314E-02  0.346E-03
 -0.525  0.103E+00  0.991E-01  0.317E-02  0.337E-03
 -0.505  0.103E+00  0.991E-01  0.322E-02  0.333E-03
 -0.485  0.103E+00  0.996E-01  0.329E-02  0.335E-03
 -0.465  0.104E+00  0.100E+00  0.337E-02  0.343E-03
 -0.445  0.105E+00  0.102E+00  0.348E-02  0.359E-03
 -0.425  0.107E+00  0.103E+00  0.359E-02  0.386E-03
 -0.405  0.108E+00  0.104E+00  0.371E-02  0.425E-03
 -0.385  0.110E+00  0.105E+00  0.384E-02  0.481E-03
 -0.365  0.111E+00  0.106E+00  0.397E-02  0.556E-03
 -0.345  0.112E+00  0.107E+00  0.410E-02  0.654E-03
 -0.325  0.113E+00  0.108E+00  0.423E-02  0.779E-03
 -0.305  0.114E+00  0.109E+00  0.436E-02  0.934E-03
 -0.285  0.115E+00  0.109E+00  0.448E-02  0.112E-02
 -0.265  0.116E+00  0.110E+00  0.459E-02  0.135E-02
 -0.245  0.116E+00  0.110E+00  0.470E-02  0.160E-02
 -0.225  0.117E+00  0.110E+00  0.480E-02  0.189E-02
 -0.205  0.117E+00  0.110E+00  0.489E-02  0.221E-02
 -0.185  0.118E+00  0.110E+00  0.498E-02  0.256E-02
 -0.165  0.118E+00  0.110E+00  0.506E-02  0.293E-02
 -0.145  0.119E+00  0.110E+00  0.514E-02  0.331E-02
 -0.125  0.119E+00  0.110E+00  0.521E-02  0.369E-02
 -0.105  0.120E+00  0.111E+00  0.527E-02  0.407E-02
 -0.085  0.121E+00  0.111E+00  0.533E-02  0.444E-02
 -0.065  0.122E+00  0.112E+00  0.538E-02  0.478E-02
 -0.045  0.123E+00  0.112E+00  0.542E-02  0.510E-02
 -0.025  0.123E+00  0.113E+00  0.546E-02  0.538E-02
 -0.005  0.124E+00  0.113E+00  0.548E-02  0.563E-02
  0.015  0.125E+00  0.113E+00  0.549E-02  0.584E-02
  0.035  0.125E+00  0.113E+00  0.548E-02  0.601E-02
  0.055  0.125E+00  0.113E+00  0.546E-02  0.616E-02
  0.075  0.125E+00  0.113E+00  0.543E-02  0.628E-02
  0.095  0.124E+00  0.113E+00  0.537E-02  0.639E-02
  0.115  0.124E+00  0.112E+00  0.531E-02  0.649E-02
  0.135  0.123E+00  0.111E+00  0.524E-02  0.659E-02
  0.155  0.122E+00  0.111E+00  0.516E-02  0.669E-02
  0.175  0.122E+00  0.110E+00  0.509E-02  0.682E-02
  0.195  0.121E+00  0.109E+00  0.502E-02  0.696E-02
  0.215  0.121E+00  0.109E+00  0.498E-02  0.713E-02
  0.235  0.120E+00  0.108E+00  0.496E-02  0.732E-02
  0.255  0.120E+00  0.108E+00  0.497E-02  0.753E-02
  0.275  0.121E+00  0.108E+00  0.503E-02  0.776E-02
  0.295  0.121E+00  0.108E+00  0.513E-02  0.801E-02
  0.315  0.122E+00  0.108E+00  0.527E-02  0.827E-02
  0.335  0.122E+00  0.108E+00  0.547E-02  0.852E-02
  0.355  0.123E+00  0.108E+00  0.570E-02  0.876E-02
  0.375  0.123E+00  0.108E+00  0.597E-02  0.898E-02
  0.395  0.123E+00  0.108E+00  0.627E-02  0.917E-02
  0.415  0.123E+00  0.107E+00  0.657E-02  0.933E-02
  0.435  0.122E+00  0.106E+00  0.687E-02  0.943E-02
  0.455  0.120E+00  0.104E+00  0.715E-02  0.948E-02
  0.475  0.118E+00  0.101E+00  0.739E-02  0.946E-02
  0.495  0.115E+00  0.977E-01  0.757E-02  0.937E-02
  0.515  0.111E+00  0.937E-01  0.769E-02  0.922E-02
  0.535  0.106E+00  0.891E-01  0.773E-02  0.899E-02
  0.555  0.100E+00  0.839E-01  0.767E-02  0.868E-02
  0.575  0.940E-01  0.782E-01  0.753E-02  0.831E-02
  0.595  0.873E-01  0.721E-01  0.729E-02  0.787E-02
  0.615  0.801E-01  0.658E-01  0.697E-02  0.737E-02
  0.635  0.727E-01  0.593E-01  0.656E-02  0.682E-02
  0.655  0.651E-01  0.528E-01  0.609E-02  0.624E-02
  0.675  0.575E-01  0.464E-01  0.556E-02  0.563E-02
  0.695  0.501E-01  0.401E-01  0.499E-02  0.501E-02
  0.715  0.430E-01  0.342E-01  0.440E-02  0.438E-02
  0.735  0.363E-01  0.287E-01  0.380E-02  0.377E-02
  0.755  0.300E-01  0.236E-01  0.322E-02  0.318E-02
  0.775  0.242E-01  0.189E-01  0.266E-02  0.262E-02
  0.795  0.190E-01  0.148E-01  0.213E-02  0.210E-02
  0.815  0.144E-01  0.112E-01  0.165E-02  0.163E-02
  0.835  0.105E-01  0.802E-02  0.122E-02  0.122E-02
  0.855  0.708E-02  0.537E-02  0.852E-03  0.854E-03
  0.875  0.427E-02  0.318E-02  0.538E-03  0.547E-03
  0.895  0.198E-02  0.141E-02  0.280E-03  0.293E-03
  0.915  0.188E-03  0.238E-04  0.746E-04  0.894E-04
  0.935 -0.117E-02 -0.102E-02 -0.816E-04 -0.673E-04
  0.955 -0.216E-02 -0.178E-02 -0.194E-03 -0.182E-03
  0.975 -0.281E-02 -0.228E-02 -0.270E-03 -0.261E-03
  0.995 -0.320E-02 -0.258E-02 -0.314E-03 -0.309E-03
  1.015 -0.337E-02 -0.271E-02 -0.334E-03 -0.333E-03
  1.035 -0.338E-02 -0.271E-02 -0.334E-03 -0.337E-03
  1.055 -0.325E-02 -0.261E-02 -0.320E-03 -0.326E-03
  1.075 -0.304E-02 -0.244E-02 -0.296E-03 -0.305E-03
  1.095 -0.277E-02 -0.223E-02 -0.267E-03 -0.278E-03
  1.115 -0.247E-02 -0.199E-02 -0.235E-03 -0.247E-03
  1.135 -0.216E-02 -0.174E-02 -0.203E-03 -0.215E-03
  1.155 -0.186E-02 -0.150E-02 -0.172E-03 -0.183E-03
  1.175 -0.157E-02 -0.127E-02 -0.143E-03 -0.154E-03
  1.195 -0.131E-02 -0.106E-02 -0.117E-03 -0.127E-03
  1.215 -0.107E-02 -0.874E-03 -0.940E-04 -0.103E-03
  1.235 -0.866E-03 -0.709E-03 -0.746E-04 -0.822E-04
  1.255 -0.690E-03 -0.567E-03 -0.583E-04 -0.648E-04
  1.275 -0.543E-03 -0.447E-03 -0.450E-04 -0.504E-04
  1.295 -0.421E-03 -0.348E-03 -0.343E-04 -0.387E-04
  1.315 -0.323E-03 -0.268E-03 -0.258E-04 -0.293E-04
  1.335 -0.244E-03 -0.203E-03 -0.191E-04 -0.219E-04
  1.355 -0.183E-03 -0.153E-03 -0.140E-04 -0.162E-04
  1.375 -0.135E-03 -0.113E-03 -0.101E-04 -0.118E-04
  1.395 -0.983E-04 -0.826E-04 -0.726E-05 -0.848E-05
  1.415 -0.708E-04 -0.597E-04 -0.513E-05 -0.603E-05
  1.435 -0.504E-04 -0.426E-04 -0.358E-05 -0.424E-05
  1.455 -0.355E-04 -0.300E-04 -0.247E-05 -0.294E-05
  1.475 -0.246E-04 -0.209E-04 -0.169E-05 -0.202E-05
  1.495 -0.169E-04 -0.144E-04 -0.114E-05 -0.137E-05
  1.515 -0.115E-04 -0.981E-05 -0.760E-06 -0.918E-06
  1.535 -0.771E-05 -0.660E-05 -0.501E-06 -0.608E-06
